0 0.344370 0.371197 0.134177 0.199405
2 0.401166 0.485119 0.059276 0.115079
1 0.422495 0.450231 0.095486 0.187500
2 0.097842 0.395999 0.108383 0.123347
2 0.101066 0.530093 0.040427 0.059524
2 0.286334 0.575231 0.051835 0.071098
2 0.410094 0.614583 0.034970 0.047288
2 0.401166 0.768684 0.038938 0.072421
2 0.374132 0.689980 0.039931 0.073082
2 0.543775 0.779101 0.034970 0.067460
2 0.506076 0.655423 0.045883 0.089286
2 0.500124 0.542989 0.058780 0.137566
2 0.598462 0.443122 0.031250 0.052249
2 0.716890 0.330192 0.056796 0.089616
2 0.904266 0.550595 0.042163 0.048942
2 0.725198 0.570933 0.080853 0.120040
2 0.671131 0.588624 0.055556 0.099206
2 0.680680 0.711640 0.034970 0.056217
2 0.631944 0.649471 0.062500 0.101190
