2 0.184524 0.738922 0.105655 0.151124
2 0.161086 0.983466 0.027530 0.033069
2 0.336062 0.932540 0.067956 0.107143
2 0.396825 0.939484 0.032242 0.051587
2 0.318328 0.832672 0.033978 0.048280
2 0.473710 0.921462 0.020833 0.031415
2 0.548363 0.779927 0.035714 0.051918
2 0.526042 0.787698 0.063988 0.091931
2 0.613343 0.827216 0.025298 0.030093
2 0.448289 0.782077 0.064236 0.096561
2 0.434028 0.855985 0.091766 0.096230
1 0.437624 0.679233 0.090030 0.142196
2 0.319320 0.654762 0.090526 0.146825
1 0.214906 0.624339 0.081597 0.098545
2 0.527158 0.031415 0.095486 0.062169
1 0.647941 0.068783 0.146081 0.136905
0 0.705233 0.183201 0.120784 0.129630
2 0.678571 0.279101 0.061012 0.117063
2 0.778026 0.515708 0.119544 0.193452
2 0.863343 0.594742 0.092758 0.164352
