1 0.295263 0.304233 0.131200 0.207672
2 0.274058 0.354663 0.056052 0.094246
2 0.282490 0.482143 0.037698 0.041667
2 0.336186 0.698743 0.128720 0.198413
2 0.393849 0.744048 0.062996 0.091931
2 0.439360 0.570437 0.077629 0.123016
2 0.469990 0.444114 0.038194 0.066138
2 0.611111 0.487930 0.042659 0.060516
2 0.692336 0.491898 0.038938 0.053902
2 0.654266 0.586806 0.043651 0.069775
2 0.667783 0.711144 0.047867 0.077050
2 0.732763 0.492063 0.108879 0.180556
2 0.733259 0.575397 0.101438 0.154762
2 0.572669 0.562831 0.125000 0.214286
1 0.356151 0.502480 0.120040 0.227183
1 0.417411 0.350033 0.117560 0.192791
1 0.535094 0.425099 0.126736 0.210648
