2 0.179439 0.397321 0.058780 0.077712
2 0.357763 0.411210 0.035962 0.037368
2 0.269097 0.672288 0.062500 0.089947
2 0.454613 0.718750 0.054067 0.084987
2 0.533234 0.749008 0.056052 0.082011
2 0.570188 0.800430 0.048115 0.079696
2 0.648189 0.843585 0.029018 0.032407
2 0.594494 0.686508 0.062004 0.074735
0 0.638641 0.455026 0.112599 0.166667
2 0.529142 0.426587 0.101935 0.083995
0 0.549727 0.562500 0.122272 0.180556
0 0.505580 0.346065 0.133185 0.233796
1 0.449777 0.508433 0.089534 0.154431
2 0.348958 0.555721 0.093750 0.136574
