2 0.058904 0.166667 0.034474 0.047619
2 0.104415 0.156250 0.043651 0.051257
0 0.172619 0.157242 0.101190 0.113426
2 0.074653 0.307209 0.042659 0.048280
2 0.304067 0.157242 0.044147 0.047288
2 0.331721 0.458995 0.058284 0.074074
2 0.378596 0.553075 0.052827 0.101521
2 0.291419 0.558201 0.055556 0.058201
2 0.432416 0.780258 0.096974 0.150463
2 0.442956 0.507771 0.110615 0.172950
2 0.563988 0.568452 0.091766 0.146825
2 0.520337 0.561673 0.044147 0.170304
2 0.583705 0.610119 0.082589 0.140873
2 0.651414 0.557374 0.084077 0.167659
2 0.679191 0.666667 0.071677 0.118386
2 0.756572 0.462136 0.121776 0.212632
2 0.908606 0.335979 0.078621 0.097222
2 0.834697 0.128472 0.045387 0.060516
2 0.684524 0.397487 0.043651 0.067460
1 0.651414 0.378803 0.103423 0.188161
