1 0.415179 0.181878 0.094742 0.182540
1 0.328993 0.443452 0.103423 0.173942
0 0.381572 0.039683 0.084573 0.078704
2 0.324653 0.061343 0.078869 0.094246
2 0.201637 0.056217 0.080853 0.107143
2 0.202877 0.236442 0.067956 0.116402
2 0.136905 0.354001 0.087302 0.154431
2 0.215898 0.581184 0.095486 0.163029
2 0.056672 0.756944 0.085069 0.109127
2 0.398686 0.328042 0.083581 0.174603
2 0.378100 0.267361 0.071181 0.077712
1 0.685144 0.591104 0.121280 0.196098
2 0.795883 0.599702 0.088294 0.135913
2 0.836558 0.739253 0.069444 0.102844
2 0.846478 0.653439 0.050595 0.058862
2 0.912574 0.463128 0.067212 0.069775
