2 0.021701 0.916501 0.042907 0.084987
2 0.045387 0.864418 0.090278 0.181878
1 0.177703 0.753968 0.123264 0.197090
2 0.271205 0.869874 0.063740 0.094907
2 0.239211 0.916501 0.095486 0.166997
2 0.279018 0.688988 0.072917 0.121362
2 0.323537 0.505291 0.047371 0.077381
2 0.377480 0.475364 0.022817 0.039352
2 0.409350 0.618882 0.052827 0.077712
2 0.484995 0.666997 0.045883 0.051587
2 0.488343 0.513558 0.099702 0.181878
2 0.490451 0.315476 0.106399 0.154101
2 0.711186 0.285549 0.054812 0.071098
2 0.683780 0.106316 0.081845 0.110780
2 0.873884 0.264385 0.065228 0.069114
2 0.925843 0.310351 0.080853 0.120701
2 0.928695 0.437335 0.058780 0.081019
2 0.817956 0.355820 0.084325 0.107804
0 0.688368 0.490245 0.120288 0.170966
0 0.555680 0.555556 0.120288 0.156746
0 0.721478 0.214782 0.104663 0.166997
0 0.793899 0.212302 0.098710 0.162037
