0 0.323909 0.439649 0.080357 0.160384
0 0.504960 0.622189 0.127976 0.178902
0 0.651910 0.554729 0.090526 0.136574
0 0.739831 0.506614 0.123016 0.188492
2 0.751860 0.572090 0.083581 0.125000
2 0.503348 0.546958 0.060764 0.091931
2 0.609871 0.720569 0.073413 0.104497
2 0.653770 0.693287 0.100694 0.159061
2 0.625992 0.793981 0.043155 0.059524
2 0.549975 0.789517 0.075645 0.127315
2 0.448909 0.781250 0.037202 0.054563
2 0.639261 0.889550 0.057788 0.082672
2 0.752232 0.979001 0.044147 0.041997
2 0.613963 0.975198 0.041419 0.049603
2 0.477803 0.973710 0.059276 0.052579
2 0.411458 0.914021 0.067956 0.114418
2 0.316840 0.862599 0.034970 0.031415
2 0.158358 0.606978 0.083581 0.120040
2 0.379588 0.483962 0.088542 0.104167
