0 0.807912 0.285218 0.084573 0.096230
0 0.871900 0.429729 0.113343 0.129299
2 0.593626 0.673942 0.077629 0.108466
2 0.728299 0.682374 0.027530 0.036706
2 0.536458 0.737765 0.024802 0.035053
2 0.412822 0.875496 0.028522 0.044643
2 0.520337 0.658730 0.063492 0.117063
0 0.441344 0.688161 0.083581 0.130291
0 0.385541 0.636905 0.120784 0.175265
2 0.346850 0.571098 0.071181 0.089947
2 0.220114 0.644345 0.076637 0.112765
2 0.256324 0.687500 0.077133 0.111111
2 0.339782 0.830192 0.066964 0.114749
1 0.306052 0.809689 0.082341 0.145833
2 0.233259 0.823413 0.076141 0.125661
2 0.164187 0.935185 0.024306 0.048942
2 0.043155 0.711640 0.037698 0.056217
1 0.152282 0.713128 0.093254 0.176918
2 0.028398 0.155919 0.056300 0.155093
