2 0.693080 0.198247 0.071677 0.112103
0 0.757564 0.263393 0.088542 0.122685
2 0.835689 0.276290 0.078621 0.118717
0 0.621404 0.466435 0.114831 0.192791
0 0.505580 0.457507 0.114831 0.193452
0 0.300099 0.423776 0.086806 0.160384
0 0.224082 0.485450 0.106399 0.118386
2 0.132688 0.469246 0.061508 0.066138
2 0.131572 0.605655 0.070188 0.102844
2 0.250000 0.618882 0.073909 0.113426
2 0.276662 0.771660 0.036458 0.069775
2 0.295883 0.680721 0.030754 0.027447
2 0.362599 0.765873 0.049107 0.066799
1 0.317708 0.614914 0.079861 0.131283
1 0.406870 0.594081 0.076141 0.150463
2 0.470486 0.629630 0.056548 0.097884
2 0.556672 0.589120 0.027530 0.046627
2 0.521701 0.742725 0.082589 0.140212
2 0.452381 0.698743 0.043155 0.048942
2 0.469990 0.910714 0.038194 0.067460
2 0.369048 0.859623 0.031746 0.031415
2 0.669395 0.790179 0.036210 0.062500
2 0.689732 0.679894 0.079861 0.115079
