0 0.501240 0.370701 0.119048 0.214286
0 0.721478 0.369378 0.125992 0.224206
2 0.779762 0.585813 0.079861 0.127976
2 0.704241 0.620701 0.041915 0.065476
2 0.661086 0.582837 0.040923 0.060516
2 0.520337 0.768353 0.042163 0.069114
2 0.396577 0.686177 0.092262 0.148810
2 0.415551 0.565311 0.083581 0.137235
2 0.438492 0.525794 0.037698 0.059524
2 0.502852 0.568122 0.091022 0.158730
2 0.610739 0.488757 0.084573 0.109127
2 0.614335 0.414021 0.086806 0.097884
2 0.633805 0.320106 0.066220 0.113095
2 0.696553 0.504464 0.102431 0.135251
