2 0.834201 0.879134 0.058284 0.096230
2 0.785838 0.830688 0.029514 0.041005
2 0.711558 0.659557 0.049107 0.069775
2 0.716518 0.785549 0.049603 0.061839
2 0.682912 0.828042 0.030506 0.064815
2 0.646453 0.837798 0.038938 0.063823
2 0.509053 0.802910 0.044395 0.084656
2 0.599330 0.714947 0.069692 0.132937
1 0.628472 0.607970 0.106151 0.135251
2 0.675347 0.530423 0.036210 0.056217
2 0.669395 0.431878 0.054563 0.083333
2 0.668651 0.479332 0.032242 0.047288
2 0.763517 0.456349 0.061260 0.100529
2 0.449157 0.619874 0.065972 0.120040
1 0.535962 0.551918 0.100198 0.155423
0 0.699901 0.481812 0.107639 0.173280
2 0.543279 0.378803 0.098462 0.184193
1 0.854167 0.240079 0.118552 0.166667
0 0.739211 0.187500 0.132688 0.237434
