0 0.375620 0.022817 0.144097 0.044974
2 0.461310 0.092593 0.058532 0.090608
2 0.499380 0.054729 0.053819 0.108796
2 0.532986 0.390212 0.051091 0.064815
2 0.482391 0.677910 0.067460 0.090608
2 0.466518 0.715278 0.080853 0.106481
2 0.645957 0.767692 0.070188 0.102183
2 0.752728 0.645172 0.058036 0.074074
2 0.716642 0.521329 0.063740 0.078373
2 0.769593 0.454861 0.062004 0.080357
2 0.838418 0.485946 0.060268 0.077712
2 0.665675 0.537202 0.070437 0.101521
2 0.530382 0.523479 0.114831 0.166005
2 0.719494 0.520833 0.087798 0.156085
1 0.830109 0.502646 0.126488 0.166005
0 0.620040 0.649802 0.136905 0.228836
0 0.473090 0.482639 0.084573 0.254960
0 0.384425 0.512897 0.168155 0.265212
0 0.614459 0.355820 0.159970 0.191138
0 0.801587 0.347388 0.137401 0.187500
