0 0.066468 0.227017 0.132440 0.071759
2 0.011781 0.535218 0.023065 0.111442
2 0.152034 0.443452 0.061508 0.082011
2 0.147569 0.518849 0.074901 0.058862
2 0.381448 0.523313 0.068452 0.096230
2 0.357515 0.765377 0.114335 0.185516
2 0.224578 0.840939 0.052331 0.080688
2 0.124628 0.861111 0.113343 0.158069
2 0.743056 0.936673 0.106647 0.126653
2 0.696429 0.801091 0.093254 0.138558
2 0.673983 0.637897 0.109871 0.177249
2 0.732763 0.520337 0.134673 0.228505
2 0.623016 0.391038 0.111607 0.146495
2 0.929812 0.372685 0.113591 0.166005
0 0.412326 0.351852 0.046875 0.041005
0 0.255084 0.520337 0.134673 0.129299
0 0.068080 0.499173 0.127232 0.141865
1 0.472594 0.522487 0.125744 0.221561
0 0.562624 0.358962 0.101935 0.178902
0 0.592262 0.583995 0.136409 0.240741
0 0.833581 0.529431 0.103671 0.206349
0 0.801215 0.321263 0.188740 0.299272
