0 0.079613 0.378803 0.104167 0.159722
2 0.117312 0.362930 0.056548 0.077712
2 0.020833 0.483466 0.039187 0.091270
2 0.106275 0.483466 0.066716 0.098545
2 0.166419 0.493882 0.075893 0.112103
2 0.325149 0.394841 0.043155 0.072751
2 0.347842 0.695106 0.054812 0.073413
2 0.407738 0.617063 0.093750 0.146164
2 0.383929 0.526124 0.030258 0.044312
2 0.417659 0.429563 0.110615 0.157407
2 0.511657 0.742394 0.049603 0.066138
2 0.552703 0.523644 0.046379 0.071098
2 0.555928 0.402447 0.050843 0.076058
2 0.536458 0.458995 0.057044 0.075397
2 0.612847 0.598710 0.056548 0.073082
2 0.863219 0.614914 0.053819 0.067130
2 0.843130 0.384425 0.053323 0.069114
2 0.825273 0.335317 0.114831 0.174603
1 0.892609 0.521825 0.113591 0.172619
0 0.799355 0.464947 0.085813 0.171296
1 0.654390 0.376984 0.122272 0.187831
0 0.550347 0.382771 0.099702 0.143188
1 0.445437 0.331680 0.103671 0.072751
1 0.341146 0.307870 0.113839 0.134259
1 0.201513 0.411706 0.114831 0.148148
