2 0.447049 0.276620 0.066716 0.104828
2 0.544023 0.488095 0.040923 0.048942
2 0.525670 0.490245 0.076637 0.159722
2 0.709821 0.568122 0.097718 0.166005
2 0.901290 0.687500 0.044643 0.043651
2 0.656994 0.687500 0.079365 0.142857
2 0.421503 0.714451 0.090030 0.156415
2 0.468502 0.589782 0.056052 0.084325
2 0.343998 0.533234 0.106647 0.168320
2 0.233755 0.461806 0.038442 0.038029
1 0.432664 0.424438 0.102927 0.168981
1 0.632192 0.426587 0.107143 0.175926
1 0.417411 0.256779 0.092758 0.184854
0 0.588294 0.284226 0.129464 0.203373
