2 0.362395 0.245215 0.038866 0.060458
2 0.155025 0.288982 0.048845 0.050420
2 0.142682 0.400560 0.044818 0.050420
2 0.165179 0.458567 0.089811 0.103408
2 0.594625 0.346989 0.050245 0.086134
2 0.668768 0.350257 0.071779 0.096872
2 0.852591 0.068978 0.037815 0.051120
2 0.923407 0.025910 0.081057 0.051354
2 0.856880 0.521359 0.061800 0.099206
2 0.749212 0.671919 0.061800 0.085201
2 0.583683 0.582633 0.041667 0.049486
2 0.704569 0.593137 0.066702 0.086835
2 0.717174 0.516223 0.063550 0.102007
2 0.649597 0.277661 0.025735 0.043651
2 0.845676 0.737162 0.022934 0.036415
0 0.774860 0.336368 0.093487 0.154062
0 0.232230 0.345938 0.095763 0.110177
