1 0.047619 0.081349 0.094742 0.162037
0 0.571057 0.428571 0.127232 0.157407
0 0.722594 0.395337 0.115327 0.195437
0 0.794271 0.582176 0.091518 0.194114
2 0.669395 0.583168 0.063988 0.154431
2 0.739459 0.614914 0.126736 0.200728
2 0.613095 0.725529 0.062500 0.081349
2 0.614459 0.646991 0.057788 0.069114
2 0.532738 0.599537 0.049603 0.050265
2 0.538938 0.538029 0.057540 0.092593
2 0.485491 0.601852 0.052331 0.115741
2 0.426215 0.618386 0.052331 0.075397
2 0.362599 0.753142 0.043651 0.053241
2 0.165675 0.560681 0.043155 0.047288
2 0.270957 0.310351 0.100942 0.103505
2 0.257812 0.272321 0.034474 0.051918
2 0.302579 0.502646 0.035714 0.041005
