2 0.128100 0.094742 0.077133 0.093585
2 0.181548 0.418320 0.042659 0.051587
2 0.228919 0.486938 0.053571 0.081019
2 0.203125 0.606978 0.068452 0.105489
2 0.377480 0.509921 0.054067 0.082672
2 0.473710 0.358300 0.068452 0.110119
2 0.520709 0.417989 0.058780 0.082672
2 0.546255 0.654762 0.063740 0.097884
2 0.587178 0.718089 0.054812 0.094907
2 0.499132 0.649140 0.022073 0.040344
2 0.652158 0.688657 0.081597 0.129299
2 0.704489 0.605159 0.081597 0.129630
2 0.736483 0.729993 0.059276 0.094246
2 0.807912 0.826554 0.070685 0.112103
2 0.980159 0.724537 0.039683 0.145503
0 0.213294 0.084987 0.092262 0.114418
0 0.192708 0.384921 0.086806 0.107143
0 0.255084 0.449901 0.082093 0.129299
1 0.277158 0.411376 0.095982 0.157407
0 0.347346 0.469411 0.077629 0.153770
0 0.439856 0.481481 0.108383 0.172619
0 0.614955 0.465608 0.088046 0.182540
0 0.733383 0.501323 0.116567 0.130291
1 0.624504 0.296792 0.092758 0.147817
