2 0.027654 0.363261 0.054812 0.200728
2 0.085317 0.348876 0.075397 0.121693
2 0.194072 0.459325 0.084077 0.130952
2 0.266989 0.638889 0.052827 0.083333
2 0.203373 0.803241 0.075397 0.134259
2 0.423239 0.611442 0.064732 0.082672
2 0.360119 0.427910 0.092758 0.156085
1 0.331597 0.545139 0.124008 0.211971
0 0.467510 0.463294 0.168155 0.255291
2 0.470734 0.078538 0.132440 0.156415
2 0.784350 0.082341 0.170883 0.164021
2 0.963170 0.021660 0.073661 0.042659
0 0.736855 0.442295 0.081349 0.209325
0 0.619544 0.425761 0.167163 0.266865
2 0.696057 0.600529 0.083085 0.135582
2 0.780754 0.610119 0.050595 0.057540
