0 0.407118 0.404266 0.090526 0.120040
0 0.352679 0.509259 0.125992 0.157407
2 0.319568 0.613095 0.046875 0.067460
2 0.271577 0.560681 0.062004 0.137897
2 0.261781 0.641204 0.063244 0.067460
2 0.237475 0.708995 0.070685 0.065476
2 0.180060 0.780258 0.067956 0.079696
2 0.526290 0.632110 0.085317 0.104167
2 0.490947 0.526620 0.032986 0.045304
2 0.496032 0.410053 0.088294 0.132937
2 0.536210 0.756448 0.029762 0.039352
2 0.585813 0.731316 0.038194 0.061177
2 0.798487 0.686012 0.065724 0.053902
2 0.808036 0.625661 0.066468 0.082672
2 0.847594 0.593419 0.052827 0.079696
1 0.779514 0.534722 0.099702 0.140873
1 0.720858 0.628968 0.095982 0.149471
2 0.679067 0.565642 0.106151 0.120701
2 0.683532 0.463459 0.073909 0.103505
2 0.750372 0.373677 0.058780 0.116402
0 0.717138 0.266369 0.081101 0.086971
0 0.672867 0.375496 0.104663 0.111442
0 0.603175 0.527943 0.094246 0.154431
