0 0.399554 0.340278 0.105655 0.190476
1 0.682416 0.555556 0.094494 0.134921
1 0.575893 0.450728 0.068948 0.115079
0 0.982639 0.062169 0.034722 0.117063
2 0.879340 0.010251 0.052827 0.019841
2 0.921751 0.524967 0.030506 0.046627
2 0.719866 0.595569 0.058284 0.124339
2 0.638889 0.682374 0.050595 0.078373
2 0.771577 0.621032 0.016369 0.024471
2 0.582093 0.655093 0.023313 0.042328
2 0.579737 0.725198 0.034474 0.051587
2 0.545387 0.678241 0.043651 0.065476
2 0.528150 0.704365 0.045883 0.076058
2 0.489955 0.725364 0.039435 0.054563
2 0.445685 0.680060 0.044643 0.063161
2 0.374504 0.689319 0.066468 0.086310
2 0.325645 0.600198 0.091766 0.159392
2 0.333085 0.687500 0.093254 0.118386
2 0.501984 0.596230 0.094742 0.166005
2 0.529266 0.533565 0.062004 0.110119
2 0.526786 0.420800 0.061508 0.089616
