2 0.217386 0.515377 0.032490 0.051918
2 0.194940 0.641038 0.029762 0.045966
2 0.136781 0.650628 0.041419 0.028770
2 0.201513 0.740741 0.022073 0.031085
2 0.226314 0.715278 0.046875 0.073413
2 0.180060 0.585317 0.074405 0.117063
1 0.268105 0.538029 0.068948 0.138889
2 0.405878 0.725198 0.065228 0.109127
2 0.416543 0.831515 0.029514 0.053241
2 0.547619 0.764054 0.036210 0.059193
2 0.589038 0.792493 0.043651 0.075728
1 0.540675 0.710483 0.086806 0.153108
2 0.552455 0.529266 0.044891 0.085648
2 0.577877 0.394841 0.030754 0.039683
2 0.690104 0.341270 0.047371 0.058862
2 0.759425 0.324405 0.050099 0.066799
2 0.691716 0.453869 0.043155 0.056548
2 0.676711 0.424438 0.076637 0.101521
2 0.770709 0.589782 0.053323 0.095569
2 0.730903 0.588294 0.045635 0.087302
2 0.905754 0.520999 0.031250 0.037368
1 0.904266 0.322255 0.136905 0.102844
0 0.640005 0.440642 0.095982 0.170966
1 0.529266 0.512070 0.093254 0.134590
