2 0.334325 0.366898 0.078869 0.153108
2 0.169271 0.612434 0.046379 0.050265
2 0.272321 0.700397 0.045139 0.083995
2 0.155878 0.848545 0.048363 0.039683
2 0.319816 0.868717 0.039931 0.048280
2 0.375248 0.783730 0.056052 0.117063
2 0.456473 0.847553 0.035962 0.057540
2 0.457837 0.728836 0.068948 0.109127
2 0.592138 0.583003 0.039931 0.091931
2 0.679191 0.689980 0.066220 0.112103
2 0.662450 0.577050 0.051091 0.090608
2 0.682416 0.492560 0.064236 0.102844
2 0.810764 0.544478 0.055556 0.055225
2 0.780258 0.445106 0.043155 0.049603
2 0.918527 0.294312 0.098462 0.123016
2 0.875992 0.216601 0.043651 0.043651
2 0.818824 0.241402 0.058780 0.051587
1 0.645213 0.362269 0.079117 0.142526
2 0.578869 0.358135 0.099702 0.148810
1 0.495784 0.450728 0.092262 0.133598
1 0.378224 0.426091 0.080357 0.152447
0 0.278646 0.504134 0.114831 0.167659
0 0.421131 0.305721 0.109127 0.183532
