0 0.121652 0.412037 0.168899 0.263889
0 0.410962 0.256448 0.160714 0.201389
1 0.556424 0.536045 0.120784 0.182540
2 0.397693 0.460648 0.065228 0.057540
2 0.365575 0.456680 0.147817 0.208995
2 0.314360 0.523644 0.073165 0.120040
2 0.302827 0.572421 0.099702 0.138889
2 0.287078 0.783399 0.089038 0.130952
2 0.222718 0.843915 0.080853 0.115079
2 0.635789 0.858300 0.045387 0.076389
2 0.619544 0.703373 0.061508 0.101190
2 0.697173 0.673446 0.103671 0.151124
2 0.705853 0.805060 0.062500 0.092262
2 0.756448 0.631448 0.055060 0.110119
2 0.845734 0.729497 0.053571 0.076058
2 0.908482 0.862434 0.104663 0.148148
0 0.901042 0.611938 0.129464 0.163029
0 0.834449 0.342427 0.139633 0.154431
0 0.806920 0.527116 0.180804 0.289683
0 0.637897 0.416832 0.156250 0.254299
