0 0.086310 0.493056 0.143353 0.201058
2 0.024678 0.529101 0.048859 0.091931
2 0.222718 0.541997 0.075397 0.107804
1 0.207093 0.692130 0.097222 0.149471
2 0.271453 0.899140 0.034970 0.051587
2 0.307292 0.811508 0.030258 0.041667
2 0.329737 0.753968 0.038442 0.058862
2 0.298239 0.687831 0.083085 0.146825
1 0.380952 0.685681 0.084821 0.139220
2 0.474330 0.725364 0.070685 0.143849
2 0.534970 0.941634 0.024802 0.053241
2 0.586930 0.423942 0.026538 0.041667
2 0.643849 0.511409 0.069940 0.118717
2 0.733631 0.547288 0.023313 0.038360
2 0.795759 0.375496 0.039931 0.062500
2 0.863839 0.387070 0.066964 0.104167
2 0.791543 0.420304 0.088542 0.140873
0 0.706349 0.405754 0.101190 0.174603
0 0.594494 0.382275 0.093254 0.171296
