1 0.554315 0.033896 0.104663 0.067130
2 0.532862 0.184358 0.077629 0.110119
2 0.320809 0.083995 0.053819 0.063492
2 0.353175 0.501653 0.094742 0.146825
1 0.256448 0.561343 0.112599 0.170966
2 0.447049 0.609954 0.101438 0.161706
2 0.376116 0.669478 0.041419 0.062500
2 0.555432 0.628472 0.059276 0.062500
2 0.647941 0.838128 0.052331 0.059193
2 0.817956 0.665179 0.082837 0.125992
2 0.491195 0.602348 0.041915 0.060516
2 0.653026 0.462798 0.050595 0.070437
2 0.690228 0.439484 0.057044 0.075397
2 0.944940 0.295635 0.083333 0.125661
2 0.911830 0.084656 0.058284 0.073413
