0 0.402902 0.293485 0.127232 0.192130
2 0.499008 0.543320 0.080357 0.139550
2 0.417907 0.617394 0.056052 0.097884
2 0.452629 0.690642 0.050099 0.112103
2 0.492560 0.805886 0.036210 0.066138
2 0.340650 0.775132 0.033978 0.075397
2 0.296503 0.939153 0.065724 0.121693
2 0.317584 0.557044 0.057292 0.076389
0 0.564856 0.593419 0.114831 0.202050
2 0.548115 0.500661 0.028770 0.064153
2 0.702009 0.496858 0.035466 0.069775
2 0.686880 0.573578 0.095982 0.166997
2 0.659226 0.648313 0.056548 0.119378
2 0.771577 0.604167 0.063492 0.105820
2 0.768973 0.451389 0.059276 0.101852
2 0.898686 0.565972 0.040427 0.072421
2 0.963418 0.625331 0.073165 0.132275
2 0.941096 0.389881 0.058780 0.151455
