2 0.193890 0.783147 0.068452 0.106443
2 0.167367 0.677521 0.025210 0.029178
2 0.237045 0.824813 0.022409 0.038049
2 0.339373 0.793067 0.077206 0.127684
2 0.388568 0.787932 0.034489 0.047386
2 0.409401 0.806139 0.026786 0.047386
2 0.584471 0.829949 0.043242 0.065593
2 0.567840 0.649276 0.058999 0.092670
2 0.619485 0.605976 0.034489 0.058357
2 0.676908 0.685458 0.077206 0.121148
2 0.735207 0.486695 0.083158 0.112979
2 0.799282 0.396942 0.029587 0.053455
2 0.668505 0.395775 0.030637 0.053922
2 0.580970 0.295868 0.048144 0.084734
2 0.988796 0.309874 0.022409 0.075864
1 0.449842 0.710551 0.096814 0.145191
1 0.578694 0.726657 0.090861 0.139122
1 0.873599 0.311975 0.085434 0.130019
0 0.648022 0.291550 0.079307 0.106443
0 0.670081 0.206933 0.089811 0.118347
0 0.789391 0.337068 0.089636 0.123249
0 0.930235 0.272993 0.096814 0.152428
0 0.630252 0.574930 0.105042 0.171335
0 0.527311 0.572012 0.089636 0.165500
0 0.483281 0.472806 0.090161 0.164099
0 0.410189 0.476541 0.061275 0.116013
0 0.400648 0.610994 0.102416 0.137021
0 0.328169 0.750350 0.094013 0.144491
0 0.263918 0.682540 0.080357 0.129785
