1 0.361235 0.673942 0.119792 0.157407
0 0.483879 0.565972 0.129960 0.225198
0 0.617684 0.522487 0.150546 0.216931
0 0.685888 0.502315 0.072173 0.164021
2 0.702505 0.666171 0.058284 0.103505
2 0.791543 0.667493 0.031498 0.038029
2 0.541667 0.729993 0.066468 0.063823
2 0.368800 0.950397 0.068948 0.099206
2 0.340774 0.776951 0.044147 0.086310
2 0.263393 0.635747 0.080357 0.121362
2 0.423363 0.563823 0.081845 0.151455
2 0.241691 0.474372 0.052827 0.069114
2 0.087178 0.519180 0.096478 0.117063
2 0.019841 0.550265 0.039187 0.200397
2 0.443824 0.144841 0.066716 0.099868
2 0.554563 0.198578 0.039187 0.071098
2 0.578869 0.300265 0.106151 0.125000
2 0.720362 0.240079 0.048363 0.067460
2 0.698909 0.101356 0.037698 0.061839
2 0.774554 0.259755 0.112599 0.134590
2 0.929936 0.242063 0.070685 0.064815
