2 0.114087 0.348049 0.079365 0.086971
2 0.297991 0.305390 0.094494 0.151124
2 0.236731 0.309689 0.026042 0.067791
2 0.286582 0.441303 0.095486 0.106151
1 0.363467 0.376157 0.109871 0.196098
0 0.181176 0.476521 0.177827 0.182540
0 0.508805 0.407077 0.034970 0.068122
0 0.481523 0.653274 0.156498 0.219907
0 0.701265 0.468254 0.189236 0.223545
0 0.730159 0.704696 0.142361 0.255291
2 0.850818 0.609788 0.076637 0.091270
2 0.831349 0.715939 0.074405 0.122354
2 0.644469 0.647321 0.120784 0.168981
2 0.593130 0.788194 0.125248 0.178902
2 0.466642 0.833333 0.095486 0.140212
2 0.422867 0.743882 0.092758 0.129299
