0 0.373140 0.324074 0.151042 0.214286
0 0.540055 0.403604 0.119296 0.168981
1 0.652530 0.337136 0.124008 0.185516
2 0.735119 0.430556 0.068452 0.113757
2 0.818328 0.420800 0.077133 0.127315
2 0.871652 0.638889 0.078125 0.083333
0 0.898313 0.061343 0.122024 0.120040
2 0.125372 0.053241 0.097470 0.105820
2 0.300595 0.599206 0.091270 0.157407
2 0.258061 0.349537 0.053323 0.050926
2 0.502232 0.529597 0.061012 0.096230
2 0.614459 0.696098 0.051339 0.076720
2 0.451513 0.750000 0.065228 0.108466
2 0.340030 0.794974 0.043651 0.077381
2 0.279514 0.756944 0.025298 0.042989
2 0.192832 0.688492 0.046875 0.073413
2 0.119792 0.700893 0.044147 0.036045
2 0.214906 0.629630 0.071677 0.097884
