0 0.112723 0.435847 0.106895 0.123016
2 0.024430 0.537864 0.048363 0.078373
2 0.035094 0.642526 0.056300 0.074735
2 0.158854 0.703042 0.081597 0.130952
2 0.216518 0.772321 0.062996 0.095569
2 0.255952 0.588955 0.055556 0.091270
0 0.243800 0.596892 0.129464 0.183201
0 0.348338 0.602017 0.120784 0.170304
0 0.458333 0.564649 0.107639 0.154431
2 0.463790 0.667659 0.062500 0.107804
2 0.541047 0.563492 0.064236 0.116402
0 0.609871 0.465774 0.118552 0.185516
2 0.590650 0.099372 0.082589 0.153108
2 0.694196 0.138228 0.055556 0.088624
1 0.687996 0.287037 0.087302 0.164683
0 0.784598 0.321594 0.132688 0.186177
2 0.749504 0.411706 0.088294 0.123677
0 0.863591 0.438492 0.137401 0.188492
2 0.908482 0.351521 0.073413 0.100529
2 0.941096 0.628142 0.108383 0.120701
2 0.910218 0.584987 0.049603 0.048942
