0 0.281002 0.459821 0.111111 0.161045
0 0.353795 0.628968 0.113343 0.173942
1 0.658110 0.364749 0.096478 0.205026
0 0.759177 0.476521 0.140377 0.230159
2 0.840030 0.520337 0.106647 0.146495
2 0.617436 0.366733 0.052827 0.074074
2 0.552455 0.321263 0.100942 0.152447
2 0.385541 0.721230 0.086062 0.147487
2 0.276166 0.693122 0.090526 0.124339
2 0.248016 0.544808 0.067956 0.114749
2 0.169891 0.443783 0.059524 0.091270
2 0.092510 0.387731 0.086806 0.124669
2 0.028398 0.465278 0.051339 0.123016
2 0.010169 0.445271 0.019841 0.063823
