0 0.389261 0.104167 0.089534 0.155423
0 0.299479 0.219577 0.151538 0.199074
2 0.471230 0.254960 0.106647 0.182540
2 0.578249 0.412533 0.057788 0.092262
2 0.489583 0.387070 0.050595 0.071098
2 0.390625 0.383763 0.100694 0.162368
2 0.278026 0.457341 0.091270 0.157407
2 0.383061 0.650794 0.083581 0.132937
2 0.313244 0.731316 0.048611 0.077050
2 0.326513 0.784226 0.041419 0.063161
2 0.348338 0.875827 0.037946 0.068452
2 0.414931 0.789848 0.073909 0.126653
2 0.529018 0.788856 0.057044 0.106812
2 0.545387 0.947090 0.030754 0.058201
0 0.549727 0.642196 0.116815 0.189153
2 0.628100 0.651951 0.046379 0.069114
0 0.725818 0.668816 0.138145 0.229167
2 0.817460 0.703373 0.062500 0.089947
