2 0.536830 0.408069 0.165427 0.255952
2 0.956101 0.223380 0.087798 0.112103
2 0.771825 0.380126 0.097718 0.145172
2 0.644841 0.580357 0.091766 0.148810
2 0.676711 0.561343 0.115327 0.202712
2 0.744048 0.727017 0.075397 0.089616
1 0.606647 0.446429 0.092758 0.165344
0 0.669767 0.295800 0.158482 0.211971
1 0.431920 0.447751 0.109871 0.172619
2 0.417411 0.515377 0.104663 0.122024
2 0.462550 0.595073 0.067956 0.079034
2 0.374752 0.607970 0.066964 0.102183
2 0.315972 0.521164 0.116567 0.173942
2 0.339162 0.785053 0.053819 0.090608
2 0.439112 0.674272 0.114831 0.149471
