2 0.695188 0.328704 0.086806 0.117063
2 0.728671 0.509259 0.043651 0.055556
2 0.719246 0.556548 0.074405 0.108466
2 0.739211 0.625661 0.052827 0.060847
2 0.588542 0.621032 0.098710 0.158069
2 0.425967 0.808862 0.084077 0.132937
2 0.311384 0.922619 0.051339 0.081349
2 0.143725 0.975529 0.085565 0.048942
0 0.016865 0.958168 0.033234 0.083664
0 0.343006 0.646164 0.149802 0.199735
2 0.256696 0.536210 0.084325 0.130622
2 0.193948 0.493717 0.042659 0.050265
0 0.451637 0.382606 0.134425 0.224868
0 0.614459 0.518849 0.169891 0.298942
