0 0.487723 0.081184 0.082589 0.129299
1 0.616815 0.163360 0.079861 0.117063
1 0.736483 0.349206 0.120784 0.146825
2 0.460689 0.328042 0.059772 0.089947
0 0.523810 0.516865 0.142857 0.197090
0 0.401662 0.414683 0.140129 0.212963
0 0.359871 0.627480 0.142857 0.235780
2 0.451389 0.678075 0.067956 0.104167
2 0.500124 0.939484 0.072669 0.113757
2 0.592882 0.799603 0.050347 0.076720
2 0.665923 0.858962 0.046131 0.083664
2 0.602059 0.911541 0.041419 0.086310
2 0.774058 0.734292 0.038194 0.071098
2 0.787574 0.679894 0.083581 0.099206
2 0.652654 0.583664 0.046875 0.100529
2 0.548859 0.613922 0.030258 0.044643
2 0.598462 0.551257 0.062500 0.121032
