1 0.109003 0.103009 0.077629 0.117394
2 0.241939 0.324901 0.077133 0.143849
2 0.194196 0.433697 0.045139 0.052579
2 0.349206 0.232308 0.043651 0.062500
1 0.340278 0.390212 0.101190 0.165344
2 0.326761 0.578373 0.028026 0.041005
2 0.436508 0.894180 0.047123 0.072090
2 0.468378 0.641865 0.072669 0.097884
2 0.428447 0.542659 0.053323 0.097884
2 0.525422 0.485284 0.066220 0.094907
2 0.526290 0.269511 0.060516 0.100529
1 0.591022 0.415509 0.104663 0.176918
2 0.636533 0.572917 0.099950 0.152447
2 0.577753 0.647156 0.040427 0.074074
2 0.663566 0.805721 0.040427 0.067791
2 0.705233 0.876488 0.033482 0.053902
2 0.733879 0.840939 0.058036 0.105159
2 0.820188 0.776620 0.061508 0.086971
2 0.822049 0.707176 0.045883 0.061839
2 0.966146 0.700066 0.067708 0.109127
2 0.756200 0.445602 0.042659 0.057209
2 0.710317 0.464286 0.056548 0.054894
2 0.767237 0.160218 0.039931 0.045966
