0 0.408234 0.295635 0.116567 0.200397
0 0.550471 0.396660 0.120784 0.195437
1 0.709573 0.373677 0.115575 0.172619
2 0.660590 0.357143 0.033482 0.076058
2 0.614211 0.530754 0.045387 0.074074
2 0.647569 0.524967 0.061508 0.118717
2 0.533110 0.694279 0.033978 0.045966
2 0.488591 0.575397 0.066964 0.105820
2 0.504464 0.486111 0.035218 0.050926
2 0.401662 0.439815 0.089534 0.132275
2 0.307168 0.512566 0.066220 0.099206
2 0.378472 0.607970 0.075397 0.110780
2 0.287326 0.585648 0.034474 0.050265
2 0.186508 0.650132 0.031250 0.039683
