1 0.248264 0.384425 0.112599 0.118056
0 0.106771 0.559028 0.134673 0.169643
2 0.210565 0.560020 0.039187 0.044643
2 0.297743 0.524967 0.076637 0.079696
0 0.597098 0.544808 0.170883 0.247024
0 0.452629 0.582176 0.125496 0.219907
2 0.339658 0.594742 0.089534 0.147156
2 0.386161 0.681052 0.044147 0.075728
2 0.320312 0.735615 0.058284 0.096892
2 0.362103 0.768519 0.026290 0.041667
2 0.494420 0.849868 0.057292 0.066799
2 0.521205 0.733466 0.076141 0.134259
2 0.589906 0.735284 0.057292 0.103505
2 0.669395 0.683201 0.088790 0.171958
2 0.702629 0.884755 0.036706 0.045966
2 0.853547 0.746528 0.063740 0.071098
2 0.891493 0.610780 0.057788 0.066138
