0 0.943080 0.009425 0.046379 0.018188
2 0.986979 0.066799 0.024058 0.107804
2 0.682044 0.385582 0.066964 0.135582
2 0.678323 0.612103 0.030258 0.056878
2 0.584821 0.690476 0.031746 0.041005
2 0.527034 0.703704 0.036210 0.050265
2 0.502356 0.612765 0.028522 0.064153
2 0.468626 0.623512 0.033482 0.062500
2 0.429812 0.685681 0.020337 0.026124
2 0.327381 0.705853 0.032242 0.053241
2 0.500124 0.201885 0.071677 0.130622
2 0.563492 0.452050 0.063492 0.080688
2 0.560516 0.390212 0.037202 0.050265
2 0.517113 0.529266 0.045139 0.078373
2 0.459325 0.447751 0.056052 0.110450
2 0.402034 0.509590 0.057540 0.099206
1 0.415179 0.326554 0.093750 0.144511
2 0.318700 0.540179 0.023810 0.035384
