2 0.444692 0.586475 0.055556 0.092262
2 0.304315 0.615906 0.124504 0.209987
2 0.375372 0.776620 0.083085 0.159061
2 0.349206 0.724206 0.023313 0.039683
2 0.245040 0.753638 0.085813 0.121693
2 0.072297 0.808201 0.078621 0.105820
2 0.075769 0.729828 0.035962 0.041005
2 0.547619 0.867229 0.048115 0.078373
2 0.558656 0.939153 0.052827 0.091270
2 0.611731 0.956019 0.032986 0.051587
1 0.850818 0.585152 0.075645 0.096230
0 0.754836 0.815476 0.071181 0.142857
0 0.642981 0.562831 0.081597 0.126323
2 0.654514 0.645833 0.037698 0.066799
2 0.570685 0.546958 0.049107 0.068783
2 0.499132 0.625331 0.096478 0.188492
2 0.571305 0.743221 0.059772 0.149802
