1 0.051091 0.142857 0.101687 0.197090
2 0.179315 0.574405 0.036210 0.048942
2 0.322049 0.537698 0.052827 0.066138
2 0.389881 0.581845 0.047619 0.059854
2 0.380952 0.701224 0.028770 0.038029
2 0.392857 0.416832 0.042659 0.051918
2 0.482267 0.470734 0.053323 0.071759
2 0.513393 0.556548 0.086310 0.166005
2 0.563244 0.570271 0.072917 0.125992
2 0.557540 0.702216 0.042163 0.063161
2 0.624752 0.673115 0.062004 0.110119
2 0.683904 0.645833 0.045883 0.060847
2 0.595486 0.413856 0.092262 0.153770
2 0.534846 0.406746 0.059276 0.101852
2 0.573661 0.319114 0.037698 0.048942
2 0.650794 0.437665 0.054067 0.086310
2 0.663566 0.345734 0.077133 0.113426
2 0.789683 0.176091 0.094246 0.110780
2 0.834077 0.088294 0.042163 0.058862
