2 0.017981 0.786376 0.035466 0.109127
0 0.918031 0.026786 0.114831 0.052910
2 0.783730 0.507110 0.065476 0.085648
2 0.791543 0.551918 0.031498 0.040344
2 0.618180 0.538690 0.054315 0.080026
2 0.638517 0.694444 0.048363 0.057540
2 0.506324 0.847222 0.041915 0.065476
2 0.506820 0.975529 0.034474 0.048942
2 0.603671 0.779927 0.063988 0.120701
2 0.557292 0.774471 0.072917 0.125661
2 0.483631 0.760747 0.074405 0.102844
2 0.391493 0.811839 0.059276 0.108466
2 0.328621 0.790344 0.026290 0.043651
2 0.207093 0.586144 0.055060 0.055225
2 0.353547 0.610615 0.046875 0.052579
2 0.325769 0.692626 0.059276 0.069775
2 0.268353 0.687500 0.036210 0.041005
2 0.472718 0.622024 0.105159 0.187831
1 0.377480 0.491733 0.106647 0.173942
0 0.642113 0.604828 0.124008 0.206349
1 0.699529 0.372520 0.121280 0.211971
0 0.521949 0.483466 0.125248 0.190476
