2 0.684524 0.402778 0.043651 0.074074
2 0.669147 0.574570 0.051587 0.077050
2 0.635417 0.586475 0.056548 0.084987
2 0.521577 0.528274 0.037202 0.053241
2 0.489955 0.627976 0.071677 0.115741
2 0.596602 0.746858 0.032986 0.043320
2 0.369916 0.666336 0.090526 0.122354
2 0.292287 0.643684 0.036458 0.052579
2 0.180432 0.733135 0.042411 0.052910
2 0.303323 0.558532 0.082341 0.132275
2 0.413070 0.477183 0.097966 0.156746
2 0.817956 0.629960 0.025794 0.048280
1 0.697173 0.421131 0.112103 0.155093
0 0.577009 0.446429 0.115327 0.198413
0 0.440104 0.314484 0.127232 0.222222
