0 0.674982 0.348156 0.083158 0.129085
0 0.803046 0.512955 0.086485 0.140756
0 0.386730 0.556723 0.106092 0.168534
1 0.885154 0.481209 0.079832 0.115079
2 0.950805 0.552288 0.041667 0.051821
2 0.857756 0.561741 0.038340 0.056256
2 0.881303 0.552754 0.035014 0.058357
2 0.754027 0.446195 0.038866 0.052521
2 0.681285 0.713936 0.069503 0.099206
2 0.683999 0.836485 0.030112 0.042250
2 0.759279 0.815593 0.024160 0.042951
2 0.840249 0.928805 0.023985 0.028478
2 0.785802 0.876867 0.054097 0.082400
2 0.588848 0.677404 0.071604 0.107843
2 0.478379 0.618347 0.061800 0.091970
2 0.530900 0.915616 0.060749 0.085201
2 0.382616 0.878852 0.038690 0.046685
2 0.328957 0.936391 0.037815 0.052521
2 0.083596 0.918184 0.110469 0.163632
2 0.201243 0.667600 0.097514 0.130719
2 0.189776 0.324813 0.068978 0.080999
2 0.241422 0.193394 0.040966 0.054855
2 0.381478 0.298086 0.065126 0.080299
1 0.413778 0.750350 0.095763 0.144491
1 0.524072 0.792367 0.084209 0.129085
