2 0.348338 0.595403 0.041915 0.053902
2 0.318700 0.544147 0.068948 0.142526
2 0.413070 0.560516 0.072173 0.139550
0 0.555680 0.413194 0.114831 0.212632
2 0.628224 0.520668 0.068948 0.114087
2 0.892609 0.711310 0.048115 0.058201
2 0.614459 0.769841 0.045883 0.063492
2 0.470114 0.771660 0.028026 0.047950
2 0.431920 0.768684 0.047371 0.079696
2 0.424727 0.809358 0.039435 0.057209
2 0.068204 0.543981 0.031746 0.034392
2 0.184276 0.799438 0.030754 0.037368
2 0.481275 0.608466 0.082589 0.173280
2 0.522817 0.619544 0.074901 0.133929
