2 0.296007 0.047619 0.151042 0.094577
2 0.179563 0.057044 0.057044 0.051257
2 0.289311 0.172784 0.107391 0.144511
2 0.084201 0.582837 0.115327 0.136574
2 0.330853 0.680721 0.105159 0.146495
2 0.362351 0.797784 0.055060 0.071759
2 0.459201 0.760417 0.089038 0.129299
2 0.705109 0.902943 0.073909 0.119378
2 0.763517 0.504464 0.127232 0.185516
2 0.656002 0.434028 0.079365 0.102183
2 0.615203 0.296462 0.101438 0.168981
2 0.860863 0.046131 0.104167 0.091601
2 0.969370 0.028604 0.061260 0.054563
0 0.499256 0.394841 0.174603 0.256614
0 0.415923 0.184193 0.149306 0.206349
0 0.303695 0.297619 0.170387 0.156746
0 0.193328 0.232143 0.106399 0.175265
