0 0.375000 0.290013 0.100694 0.187831
0 0.616071 0.413194 0.100694 0.133929
2 0.637649 0.377149 0.036210 0.037368
2 0.495288 0.433366 0.069444 0.109458
1 0.265005 0.339120 0.091022 0.152447
2 0.359499 0.475364 0.077133 0.143188
2 0.335689 0.542659 0.059772 0.101852
2 0.290675 0.618882 0.056052 0.084987
2 0.354291 0.624173 0.051835 0.085648
2 0.369916 0.690807 0.047371 0.080688
2 0.310640 0.710648 0.028026 0.049603
2 0.278894 0.678902 0.039931 0.064153
2 0.446925 0.707837 0.036706 0.037368
2 0.550843 0.616402 0.032738 0.048280
2 0.587426 0.582176 0.053323 0.090278
2 0.625372 0.632440 0.050843 0.064484
2 0.615823 0.697586 0.054067 0.098214
2 0.723586 0.723380 0.038938 0.053902
2 0.911706 0.825562 0.036706 0.036706
2 0.929936 0.859623 0.028522 0.036045
