0 0.077505 0.239583 0.154514 0.180225
0 0.013641 0.340278 0.026786 0.160053
2 0.011161 0.481481 0.021825 0.122354
2 0.062872 0.469742 0.057788 0.078373
2 0.066592 0.599537 0.044891 0.083333
2 0.073909 0.538029 0.113095 0.174603
2 0.486607 0.834491 0.029762 0.053241
2 0.487971 0.619544 0.046379 0.064484
2 0.551587 0.688327 0.074405 0.111442
2 0.806672 0.856316 0.063740 0.102844
2 0.889881 0.877149 0.042659 0.069775
2 0.973338 0.876157 0.039931 0.038690
2 0.964038 0.325066 0.066964 0.099868
2 0.860367 0.467262 0.038194 0.048942
2 0.726562 0.519676 0.067212 0.087632
2 0.624132 0.627480 0.079117 0.135251
2 0.574281 0.513889 0.083085 0.132275
1 0.648934 0.634259 0.102927 0.179233
1 0.700645 0.447421 0.099702 0.166005
0 0.790179 0.278439 0.125496 0.173280
0 0.438616 0.300265 0.128720 0.189815
