2 0.055308 0.548776 0.082341 0.120040
2 0.121156 0.624504 0.026538 0.036045
2 0.311384 0.624173 0.069692 0.095569
2 0.393105 0.606647 0.054067 0.109458
2 0.514137 0.673611 0.050099 0.082011
2 0.583953 0.525959 0.064732 0.094907
2 0.571553 0.451389 0.133681 0.267196
2 0.671255 0.378803 0.063740 0.070437
2 0.729291 0.229167 0.075149 0.100529
2 0.633309 0.116071 0.093502 0.131614
2 0.777778 0.456349 0.110615 0.156746
2 0.765129 0.608796 0.073413 0.121032
2 0.672619 0.645833 0.054563 0.092593
0 0.466146 0.544808 0.112847 0.212632
0 0.617932 0.554067 0.097966 0.186839
0 0.694196 0.504464 0.098710 0.159722
0 0.586434 0.239253 0.120288 0.218585
