0 0.326243 0.008403 0.071604 0.016340
0 0.508141 0.219655 0.109419 0.149393
0 0.827381 0.306139 0.099090 0.158964
1 0.762868 0.484944 0.103466 0.157563
0 0.621936 0.432306 0.092962 0.126984
0 0.466649 0.355742 0.136730 0.179272
1 0.400648 0.469071 0.104517 0.140756
1 0.089373 0.327381 0.085959 0.122549
2 0.028974 0.297386 0.056898 0.120915
2 0.228554 0.562208 0.049195 0.069795
2 0.296744 0.486228 0.055322 0.071429
2 0.374125 0.608543 0.078782 0.132120
2 0.467700 0.529295 0.063550 0.100607
2 0.499475 0.653711 0.044818 0.066527
2 0.465249 0.863796 0.037640 0.059057
2 0.327118 0.908263 0.032738 0.053221
2 0.175245 0.626050 0.030112 0.038749
2 0.402048 0.048086 0.076506 0.095705
2 0.578519 0.345588 0.069503 0.121148
2 0.702994 0.373950 0.066702 0.107843
2 0.877539 0.442460 0.074405 0.086134
2 0.675858 0.472456 0.022584 0.039216
2 0.732230 0.582166 0.035539 0.038749
2 0.705357 0.721989 0.046569 0.059757
2 0.644433 0.706933 0.052521 0.066527
2 0.716912 0.772642 0.030112 0.041550
2 0.380427 0.646825 0.037815 0.049486
