2 0.189608 0.732143 0.066220 0.081349
2 0.304936 0.541171 0.081597 0.120701
2 0.355903 0.433036 0.079861 0.141865
1 0.499628 0.579365 0.097470 0.150794
2 0.777778 0.459656 0.049107 0.066799
2 0.786210 0.262566 0.068948 0.097222
2 0.806672 0.311177 0.044395 0.051587
2 0.820933 0.160218 0.073909 0.081680
0 0.700397 0.231647 0.097222 0.101521
0 0.610367 0.253803 0.112103 0.169643
0 0.725198 0.399140 0.122024 0.173280
0 0.451885 0.439153 0.130456 0.166667
0 0.259301 0.447255 0.114335 0.177579
0 0.246280 0.689319 0.123512 0.162368
