2 0.073413 0.101521 0.061508 0.058201
2 0.052579 0.230655 0.029762 0.036045
2 0.138641 0.194114 0.074405 0.099206
2 0.371528 0.159888 0.055060 0.085648
2 0.166295 0.399306 0.083581 0.118717
2 0.298487 0.664848 0.057788 0.071759
2 0.640625 0.738922 0.066964 0.083664
2 0.700397 0.817626 0.066964 0.118717
2 0.753100 0.762235 0.090030 0.117063
2 0.893477 0.802249 0.138145 0.198413
2 0.885045 0.894676 0.064236 0.102844
2 0.842262 0.852348 0.037698 0.045966
0 0.813616 0.659061 0.140129 0.146825
0 0.599578 0.597718 0.115327 0.184854
0 0.649430 0.644676 0.090030 0.112103
1 0.561384 0.763393 0.103423 0.185516
0 0.433284 0.728505 0.103175 0.126984
0 0.494172 0.537202 0.097470 0.153108
0 0.397445 0.474702 0.082093 0.114087
1 0.323289 0.433697 0.093502 0.138558
0 0.292287 0.319775 0.093998 0.152116
1 0.285590 0.150463 0.090030 0.097222
0 0.219246 0.246858 0.120040 0.137235
0 0.173115 0.505622 0.110119 0.123016
