0 0.294395 0.101190 0.091766 0.116402
0 0.224578 0.447751 0.107391 0.189815
2 0.290055 0.423611 0.052827 0.092593
2 0.089534 0.530754 0.056052 0.088624
1 0.383433 0.438492 0.135913 0.164021
2 0.381200 0.755291 0.086310 0.140873
2 0.422495 0.874173 0.030506 0.053241
2 0.464782 0.729828 0.073413 0.123016
0 0.511657 0.747520 0.130456 0.224537
1 0.628968 0.698743 0.107143 0.173942
2 0.600446 0.853175 0.072917 0.101852
1 0.742808 0.661541 0.129960 0.187500
1 0.729291 0.783399 0.114831 0.140873
2 0.853547 0.773810 0.088542 0.125661
2 0.816840 0.859292 0.066716 0.092923
2 0.922247 0.881283 0.040427 0.060185
2 0.830853 0.977348 0.048611 0.045304
2 0.829489 0.682044 0.057788 0.051918
