2 0.020089 0.701885 0.039683 0.089616
2 0.040055 0.765873 0.021577 0.027778
2 0.229415 0.763393 0.024306 0.031415
2 0.280754 0.807870 0.043651 0.066138
2 0.334077 0.798942 0.022321 0.036376
2 0.383185 0.518519 0.048115 0.083995
2 0.382564 0.632937 0.041419 0.075397
2 0.437128 0.664517 0.045883 0.078373
2 0.538442 0.647983 0.042659 0.078373
2 0.569444 0.554894 0.026786 0.041667
2 0.541667 0.479001 0.039187 0.078373
2 0.497148 0.452050 0.095982 0.162698
2 0.813368 0.534392 0.063244 0.101190
2 0.644593 0.671627 0.068452 0.098545
2 0.671503 0.711806 0.015625 0.020833
1 0.296007 0.485119 0.083085 0.139550
1 0.349454 0.581515 0.122024 0.166997
2 0.421751 0.542328 0.101438 0.148810
0 0.509797 0.562004 0.077133 0.135251
0 0.593750 0.367560 0.079861 0.138558
0 0.678943 0.551587 0.076637 0.130291
0 0.752232 0.515708 0.080853 0.129960
