2 0.949653 0.062996 0.100694 0.125331
1 0.667907 0.209821 0.148313 0.200066
1 0.620660 0.409226 0.141121 0.204696
0 0.597718 0.638228 0.177579 0.247354
2 0.738219 0.632440 0.047371 0.077712
2 0.806672 0.769511 0.072173 0.114418
2 0.696677 0.746197 0.069940 0.096230
2 0.652902 0.867890 0.052827 0.086971
2 0.485863 0.656085 0.061508 0.090608
2 0.359871 0.694610 0.068452 0.102844
2 0.075645 0.649471 0.150794 0.166005
2 0.012525 0.905589 0.024554 0.137897
1 0.320312 0.580026 0.158482 0.267196
1 0.470486 0.521825 0.146329 0.289021
