2 0.259673 0.259755 0.078373 0.100198
2 0.068576 0.687831 0.136657 0.199735
2 0.116567 0.789848 0.111111 0.119378
2 0.455109 0.708664 0.082837 0.100529
2 0.454737 0.846726 0.083581 0.110780
2 0.603423 0.927910 0.060516 0.080688
2 0.581101 0.738591 0.080357 0.121362
2 0.743304 0.775298 0.085813 0.154431
2 0.796751 0.961144 0.096478 0.077712
2 0.856275 0.944940 0.101438 0.110119
2 0.947421 0.566634 0.048611 0.077050
2 0.885665 0.358300 0.074901 0.170304
0 0.805308 0.376157 0.150298 0.184854
0 0.526042 0.241733 0.159226 0.199074
1 0.468874 0.534392 0.145089 0.216270
1 0.345114 0.613757 0.120784 0.192460
