2 0.127480 0.048611 0.098710 0.096561
2 0.205853 0.604828 0.062004 0.095899
2 0.327505 0.430060 0.133185 0.219246
1 0.417039 0.325893 0.126736 0.217923
2 0.554812 0.369048 0.116567 0.191799
2 0.546503 0.533565 0.102927 0.135913
2 0.501240 0.656250 0.063988 0.114749
2 0.465154 0.873016 0.053323 0.075397
2 0.428943 0.792824 0.073661 0.093585
2 0.329985 0.837798 0.038938 0.053902
2 0.779390 0.688988 0.064236 0.096892
2 0.680556 0.639716 0.023810 0.053241
2 0.671751 0.524636 0.039931 0.053241
2 0.806672 0.558366 0.102431 0.120701
