0 0.800858 0.558590 0.147584 0.221755
1 0.666229 0.579248 0.109419 0.199113
0 0.485994 0.362628 0.128501 0.194911
0 0.378239 0.383053 0.112220 0.165733
1 0.242822 0.301821 0.093137 0.128385
0 0.018382 0.071195 0.036415 0.119514
2 0.267157 0.227358 0.050770 0.062558
2 0.092174 0.186158 0.034489 0.054855
2 0.151173 0.664216 0.034489 0.051120
2 0.216562 0.808007 0.041667 0.051120
2 0.255427 0.637255 0.053571 0.090570
2 0.323792 0.752218 0.064601 0.116013
2 0.538866 0.505252 0.095238 0.123950
2 0.527398 0.642390 0.048144 0.077498
2 0.577118 0.691176 0.028536 0.046685
2 0.675333 0.777311 0.043242 0.072829
2 0.980830 0.867414 0.038340 0.124650
