1 0.138889 0.358631 0.121528 0.208664
1 0.258061 0.368056 0.141617 0.166667
2 0.012525 0.493552 0.024554 0.053902
2 0.253224 0.334821 0.055556 0.096230
2 0.241319 0.108135 0.045635 0.068122
2 0.344742 0.234954 0.080357 0.143849
2 0.587426 0.289187 0.084573 0.104167
2 0.728299 0.092262 0.077133 0.108466
2 0.874256 0.344577 0.055556 0.062831
2 0.863219 0.477017 0.094990 0.153108
2 0.673487 0.750496 0.065724 0.102183
2 0.436756 0.933366 0.058036 0.106812
1 0.484003 0.685351 0.120288 0.199405
1 0.582837 0.510417 0.110119 0.218585
