2 0.469618 0.422950 0.158482 0.239418
0 0.144841 0.139220 0.081349 0.107804
2 0.229167 0.070602 0.035714 0.043981
0 0.723090 0.420800 0.164931 0.302579
2 0.607763 0.436012 0.114335 0.168981
2 0.565600 0.559524 0.053819 0.093915
2 0.575893 0.660880 0.098214 0.138558
2 0.491815 0.636078 0.092758 0.151124
2 0.546255 0.750661 0.060268 0.075397
2 0.583085 0.848876 0.080357 0.148148
2 0.757564 0.743552 0.077629 0.127315
2 0.737599 0.646495 0.147817 0.217593
2 0.966146 0.840939 0.067708 0.133598
2 0.700769 0.822255 0.066220 0.094907
2 0.399306 0.886243 0.080357 0.175265
2 0.364583 0.678075 0.061508 0.096892
2 0.271825 0.745040 0.094742 0.150132
2 0.241567 0.790675 0.043155 0.056217
2 0.196057 0.715608 0.056796 0.141534
2 0.145089 0.643519 0.078869 0.082672
2 0.053199 0.527943 0.105903 0.108796
2 0.045635 0.690476 0.050099 0.048280
