0 0.327505 0.281415 0.121280 0.230820
0 0.442708 0.322421 0.113095 0.148810
0 0.757068 0.372354 0.119792 0.189815
1 0.456721 0.736442 0.109871 0.154762
2 0.121900 0.450893 0.120784 0.170304
2 0.081969 0.354001 0.032490 0.045304
2 0.181424 0.280589 0.065228 0.096892
2 0.307912 0.504299 0.036458 0.058201
2 0.389881 0.467923 0.050595 0.082011
2 0.310144 0.673115 0.028026 0.046627
2 0.479415 0.901455 0.035714 0.058862
2 0.384425 0.621693 0.067956 0.106481
2 0.567832 0.604828 0.102431 0.138889
2 0.703745 0.632937 0.040923 0.064153
2 0.657862 0.751819 0.041915 0.077712
2 0.655134 0.853175 0.044395 0.066138
2 0.946181 0.830192 0.107639 0.145172
