1 0.380952 0.406911 0.113591 0.152447
1 0.471230 0.729332 0.116567 0.186177
1 0.481771 0.589286 0.094494 0.122354
1 0.667907 0.551587 0.111607 0.199074
1 0.550471 0.352513 0.090526 0.154762
1 0.514757 0.158069 0.101935 0.148148
2 0.363467 0.087632 0.063740 0.080688
2 0.234251 0.627811 0.034970 0.055225
2 0.234623 0.731812 0.066964 0.106481
2 0.269965 0.633598 0.051339 0.105820
2 0.415799 0.952050 0.021577 0.056878
2 0.459325 0.926422 0.062500 0.112103
2 0.489831 0.815807 0.044643 0.066138
2 0.564360 0.903935 0.071677 0.127315
2 0.612847 0.706845 0.039187 0.055225
2 0.577009 0.632110 0.088542 0.147156
2 0.816096 0.498843 0.089038 0.145172
2 0.756696 0.339947 0.105159 0.130952
