2 0.185516 0.047123 0.092758 0.093585
2 0.071181 0.162368 0.112103 0.181217
2 0.096230 0.295304 0.112599 0.175265
2 0.087178 0.400794 0.059772 0.091270
2 0.233507 0.332672 0.089534 0.132275
2 0.334573 0.219246 0.097718 0.165344
2 0.478547 0.483796 0.058780 0.115079
2 0.376488 0.507771 0.062500 0.125992
2 0.644841 0.556713 0.079861 0.095569
2 0.989831 0.629630 0.020337 0.070767
1 0.783234 0.379795 0.117063 0.176257
0 0.844618 0.320106 0.088046 0.130291
1 0.696429 0.625992 0.142857 0.241402
2 0.563492 0.553075 0.125992 0.221892
2 0.432416 0.532573 0.083085 0.155093
1 0.326885 0.421131 0.136905 0.243056
0 0.196305 0.224206 0.154018 0.221561
