2 0.288318 0.579696 0.053323 0.081349
2 0.042783 0.865410 0.085069 0.158069
2 0.414062 0.650463 0.051835 0.080688
2 0.566220 0.559854 0.087302 0.158069
2 0.930184 0.525628 0.059276 0.062500
2 0.926339 0.781250 0.056052 0.079034
2 0.671007 0.820437 0.072669 0.108466
0 0.441716 0.301091 0.117560 0.172288
0 0.416295 0.533896 0.108879 0.152447
0 0.291791 0.657077 0.119792 0.182540
0 0.573165 0.670966 0.143353 0.217593
0 0.563740 0.487269 0.162202 0.170966
0 0.722842 0.497685 0.135169 0.205026
1 0.686136 0.765542 0.127728 0.181217
