2 0.045883 0.557044 0.051587 0.061839
2 0.141245 0.614253 0.053819 0.068452
2 0.364087 0.563492 0.087302 0.143519
2 0.543527 0.581515 0.064732 0.097553
2 0.762153 0.632771 0.074901 0.102844
2 0.863839 0.672784 0.062500 0.077712
1 0.096602 0.546627 0.091518 0.147487
1 0.158854 0.392361 0.097470 0.127976
1 0.182788 0.520007 0.098214 0.141865
0 0.280134 0.535053 0.112847 0.184524
1 0.385293 0.443452 0.093502 0.133598
0 0.668403 0.559193 0.160218 0.211640
0 0.806672 0.634590 0.116319 0.172619
0 0.900174 0.570271 0.135169 0.180225
