2 0.210069 0.739253 0.086806 0.129960
2 0.241939 0.825066 0.039435 0.066138
2 0.354291 0.811508 0.039931 0.063492
2 0.290923 0.714120 0.078373 0.085648
2 0.410838 0.726356 0.089534 0.160384
2 0.352431 0.642526 0.043651 0.066138
2 0.474206 0.507771 0.085813 0.118717
2 0.584573 0.484788 0.081845 0.113095
2 0.703125 0.570271 0.094742 0.128638
2 0.808036 0.573909 0.056548 0.101521
2 0.735987 0.623843 0.103423 0.185516
2 0.830853 0.717262 0.055060 0.080688
0 0.776166 0.297454 0.124752 0.209987
0 0.663442 0.394511 0.130952 0.192460
0 0.555432 0.542328 0.101438 0.175926
1 0.334325 0.542328 0.122024 0.181878
1 0.488219 0.386243 0.138641 0.224868
