2 0.051959 0.475033 0.103423 0.130622
2 0.155506 0.538690 0.043651 0.049603
2 0.033358 0.758929 0.066220 0.189815
2 0.059648 0.843419 0.052331 0.061177
2 0.050347 0.899140 0.100198 0.142196
0 0.067336 0.770833 0.134177 0.138889
0 0.084697 0.645503 0.152034 0.105159
0 0.535962 0.496693 0.144345 0.215608
1 0.608011 0.378803 0.139633 0.227183
0 0.725694 0.420800 0.142361 0.226521
2 0.785590 0.370866 0.064732 0.094907
2 0.787202 0.194279 0.069940 0.095569
2 0.797495 0.436012 0.037946 0.045304
2 0.657862 0.498181 0.093998 0.153770
2 0.571305 0.374339 0.122272 0.199735
2 0.517609 0.454530 0.032242 0.047950
2 0.476687 0.332011 0.057044 0.083333
2 0.427331 0.474206 0.095238 0.132275
