2 0.394469 0.040344 0.085565 0.080026
2 0.669891 0.565642 0.080357 0.119378
2 0.742436 0.541501 0.106895 0.171627
2 0.375496 0.437665 0.042659 0.064484
2 0.157738 0.964782 0.093254 0.070437
2 0.028398 0.921131 0.056300 0.134590
1 0.279514 0.901455 0.136409 0.197090
0 0.163194 0.628142 0.178571 0.252976
0 0.320933 0.644841 0.143353 0.255952
0 0.449529 0.702216 0.120288 0.213955
0 0.435888 0.426091 0.070685 0.153770
0 0.517733 0.444940 0.145585 0.209987
0 0.633805 0.496693 0.110367 0.198413
0 0.731895 0.380126 0.135417 0.184193
0 0.874132 0.581845 0.164931 0.262235
