0 0.586062 0.191468 0.160714 0.256614
0 0.955853 0.444610 0.088294 0.209325
2 0.757068 0.551422 0.101438 0.161045
2 0.663442 0.463294 0.081349 0.132937
2 0.430804 0.509921 0.043155 0.069444
2 0.425719 0.662368 0.032986 0.064153
2 0.348586 0.538029 0.121280 0.200397
2 0.328621 0.731316 0.099702 0.161706
2 0.403026 0.828042 0.074901 0.133598
2 0.252108 0.815146 0.048859 0.072090
2 0.360739 0.936343 0.065724 0.112765
2 0.471602 0.941634 0.054315 0.077712
2 0.579117 0.956515 0.058036 0.078373
2 0.604663 0.813657 0.099702 0.161045
