1 0.385293 0.363922 0.140625 0.269511
0 0.241319 0.542989 0.258433 0.325397
1 0.629340 0.568452 0.145585 0.198413
1 0.897197 0.294643 0.178819 0.191138
2 0.975074 0.046296 0.049851 0.058201
2 0.902654 0.144841 0.102431 0.108466
2 0.976562 0.480159 0.046875 0.115079
2 0.781374 0.451389 0.132688 0.204365
2 0.653026 0.463459 0.091766 0.094907
2 0.579117 0.528935 0.081845 0.112103
2 0.552703 0.252315 0.085069 0.100529
2 0.296875 0.235946 0.105159 0.143188
2 0.302703 0.467923 0.151538 0.255952
2 0.087550 0.078042 0.174603 0.155423
