1 0.888765 0.249669 0.071677 0.147487
0 0.710689 0.447090 0.144593 0.208333
0 0.567460 0.365079 0.148313 0.218254
1 0.423115 0.496032 0.142857 0.214286
0 0.308408 0.689980 0.140129 0.235780
0 0.199529 0.573909 0.128224 0.220569
2 0.161334 0.491237 0.045387 0.059854
2 0.318452 0.525132 0.079365 0.107143
2 0.387153 0.346726 0.068948 0.118717
2 0.477927 0.337467 0.118056 0.168981
2 0.594742 0.591601 0.085317 0.123677
2 0.542163 0.705026 0.106151 0.156746
2 0.459449 0.631448 0.082093 0.135913
2 0.506324 0.560516 0.045387 0.064815
2 0.466146 0.494874 0.045883 0.063823
2 0.393973 0.770172 0.133185 0.236772
