1 0.565104 0.189649 0.112351 0.162368
0 0.690724 0.508267 0.088294 0.156746
2 0.759797 0.533399 0.096974 0.133598
2 0.844370 0.564815 0.036458 0.048942
2 0.727679 0.873181 0.069444 0.136574
2 0.688120 0.981978 0.052827 0.036045
1 0.647569 0.639385 0.123016 0.192130
2 0.608755 0.852183 0.048363 0.083995
2 0.511161 0.824405 0.054067 0.082011
2 0.455357 0.817626 0.066468 0.114087
2 0.535466 0.764054 0.103671 0.119378
2 0.353919 0.744213 0.030754 0.036706
2 0.343750 0.665509 0.080357 0.086310
2 0.350322 0.791005 0.053323 0.060847
2 0.304688 0.866898 0.087550 0.137897
2 0.112227 0.591435 0.048363 0.044643
2 0.436756 0.597222 0.119544 0.175265
1 0.363467 0.572421 0.060268 0.101190
