2 0.672619 0.110119 0.062996 0.075397
2 0.515873 0.262235 0.093254 0.197090
2 0.439236 0.264385 0.051091 0.079034
2 0.271453 0.244213 0.113839 0.153770
2 0.360987 0.292493 0.064236 0.114749
2 0.202505 0.169974 0.099950 0.166005
2 0.186880 0.375496 0.145089 0.209325
2 0.262897 0.482970 0.067460 0.079034
2 0.414311 0.628307 0.065228 0.090608
2 0.490699 0.509590 0.058284 0.083333
2 0.544023 0.449570 0.032490 0.039352
2 0.610987 0.677414 0.045387 0.072421
2 0.684028 0.647321 0.081349 0.135913
2 0.602679 0.608796 0.086806 0.134921
0 0.515997 0.582507 0.089534 0.160384
0 0.332713 0.550595 0.091518 0.159392
0 0.589658 0.386409 0.088046 0.127315
1 0.463418 0.384921 0.091022 0.158730
1 0.248388 0.487269 0.145089 0.237103
0 0.386905 0.480489 0.131944 0.236772
