2 0.793403 0.174272 0.110615 0.158730
2 0.982019 0.063657 0.035962 0.053902
2 0.794767 0.540179 0.129216 0.170304
2 0.701265 0.636574 0.040427 0.066799
2 0.619544 0.514716 0.100198 0.153770
2 0.620412 0.642196 0.034970 0.046958
2 0.465898 0.454200 0.064732 0.086310
1 0.549727 0.615741 0.096478 0.166005
1 0.496156 0.343915 0.083085 0.123016
0 0.415303 0.388889 0.077629 0.155423
1 0.437004 0.586144 0.105159 0.128638
2 0.387153 0.669478 0.054067 0.078373
2 0.335441 0.616071 0.060268 0.083333
2 0.276414 0.600529 0.057788 0.089947
2 0.278894 0.505622 0.046379 0.058201
1 0.348090 0.516369 0.088046 0.135913
0 0.234871 0.486938 0.067460 0.112765
2 0.239459 0.633598 0.045387 0.069444
2 0.141865 0.684358 0.093750 0.145172
2 0.105779 0.579034 0.041915 0.050926
2 0.156994 0.498512 0.067956 0.102844
2 0.226811 0.393353 0.060764 0.078373
