2 0.292039 0.066634 0.078125 0.119378
2 0.470238 0.467427 0.101190 0.186177
2 0.531622 0.556548 0.071181 0.108466
2 0.371280 0.665509 0.062996 0.113426
2 0.425471 0.738591 0.088542 0.138558
2 0.438988 0.829861 0.057044 0.088294
2 0.300099 0.706680 0.044643 0.082011
2 0.217882 0.716270 0.044395 0.074074
2 0.218998 0.596561 0.104663 0.167989
0 0.283110 0.803902 0.193204 0.314153
1 0.416915 0.687169 0.148810 0.212963
2 0.643229 0.659392 0.045387 0.066799
2 0.689112 0.552249 0.042907 0.066799
2 0.730035 0.661210 0.084077 0.103505
2 0.466642 0.080357 0.026538 0.030423
2 0.644841 0.306878 0.087302 0.148148
2 0.687748 0.354663 0.084821 0.111442
2 0.713170 0.421131 0.040427 0.047288
2 0.863219 0.694610 0.126240 0.186177
2 0.798239 0.810516 0.053323 0.066799
2 0.900546 0.930886 0.104663 0.138228
2 0.952629 0.207341 0.094742 0.141534
0 0.819568 0.185020 0.104415 0.131283
0 0.872892 0.286706 0.077629 0.129630
0 0.749504 0.292328 0.115575 0.173942
