0 0.179067 0.579034 0.133929 0.239418
2 0.278274 0.694940 0.065972 0.086310
2 0.440228 0.702546 0.031746 0.047950
2 0.472098 0.752976 0.059772 0.099868
2 0.548611 0.734954 0.092262 0.147156
2 0.539559 0.583995 0.089038 0.126984
2 0.564856 0.442295 0.046875 0.071098
2 0.614707 0.471726 0.072173 0.111442
0 0.428075 0.558697 0.105655 0.177579
0 0.458085 0.099868 0.097718 0.109127
0 0.461310 0.037533 0.094246 0.074405
0 0.537078 0.318287 0.096974 0.188161
0 0.625992 0.336310 0.093750 0.179894
0 0.772693 0.357143 0.125248 0.214286
0 0.657366 0.617560 0.127232 0.202712
