2 0.141369 0.576389 0.035714 0.060185
2 0.294147 0.585813 0.038194 0.047288
2 0.374504 0.717758 0.043651 0.063823
2 0.342386 0.431217 0.033482 0.060185
2 0.360243 0.520999 0.070188 0.119378
2 0.306052 0.444114 0.051091 0.076058
2 0.274306 0.389881 0.056548 0.108466
2 0.455109 0.383433 0.072421 0.134590
1 0.541419 0.421462 0.098214 0.186177
0 0.571305 0.488591 0.075149 0.119378
0 0.646577 0.406085 0.104663 0.176587
2 0.605159 0.616733 0.055556 0.089286
2 0.641865 0.784888 0.036210 0.059193
2 0.695561 0.660218 0.071181 0.117394
2 0.731771 0.574570 0.051835 0.088294
2 0.770833 0.563823 0.042659 0.101190
2 0.850322 0.601190 0.033482 0.046958
2 0.808532 0.429067 0.066468 0.102183
2 0.845982 0.368386 0.031250 0.059524
2 0.774554 0.167989 0.049107 0.058862
1 0.744048 0.388062 0.085317 0.172288
1 0.775050 0.519345 0.117063 0.143188
