2 0.248636 0.094246 0.129216 0.187831
2 0.382688 0.453208 0.098710 0.168981
2 0.337302 0.480159 0.113591 0.171296
2 0.295511 0.624173 0.065724 0.118717
2 0.419519 0.617063 0.058284 0.113095
2 0.486607 0.467427 0.066468 0.102844
2 0.439732 0.395337 0.048115 0.084987
2 0.555432 0.286376 0.084077 0.147487
1 0.186880 0.652116 0.176339 0.248016
2 0.592510 0.596561 0.099206 0.126323
2 0.571925 0.703704 0.037202 0.050265
2 0.707713 0.644345 0.069692 0.101521
2 0.859995 0.639220 0.032490 0.042328
2 0.866939 0.407903 0.139137 0.129960
2 0.762153 0.549438 0.043651 0.059854
2 0.650050 0.398148 0.067460 0.077381
0 0.667535 0.266534 0.094990 0.166667
1 0.779762 0.306878 0.086310 0.142196
2 0.816096 0.200066 0.045883 0.039683
