2 0.378472 0.048115 0.056052 0.070437
2 0.958705 0.471065 0.078621 0.104167
2 0.805060 0.736772 0.042163 0.067460
2 0.747396 0.710152 0.040923 0.055886
2 0.642237 0.627149 0.039931 0.052579
2 0.708209 0.594742 0.023065 0.034061
2 0.644345 0.531085 0.093750 0.122354
2 0.407118 0.516700 0.071181 0.126653
2 0.247024 0.525959 0.079861 0.094907
2 0.411954 0.426918 0.030258 0.047619
2 0.441840 0.257275 0.021081 0.039021
2 0.166047 0.316138 0.053819 0.066138
2 0.258309 0.371197 0.059276 0.084325
2 0.063120 0.479332 0.066716 0.076389
2 0.017361 0.600529 0.034226 0.046958
1 0.180928 0.360284 0.066220 0.069775
0 0.183160 0.251819 0.095486 0.154431
1 0.286582 0.276620 0.071677 0.112103
1 0.370164 0.347553 0.095486 0.138889
0 0.563120 0.484292 0.120288 0.209987
0 0.658110 0.629299 0.122272 0.150132
0 0.790675 0.631448 0.119048 0.197421
