1 0.173983 0.185681 0.140625 0.219246
2 0.168279 0.054729 0.133681 0.108796
2 0.027406 0.023810 0.054315 0.046958
2 0.283110 0.557705 0.083085 0.103505
1 0.304688 0.531250 0.130704 0.218585
2 0.345610 0.697917 0.047371 0.077712
2 0.393973 0.653604 0.045883 0.102844
2 0.407738 0.551257 0.031250 0.058862
0 0.446429 0.456680 0.123016 0.173280
0 0.582093 0.471065 0.127976 0.213294
2 0.570188 0.617394 0.079365 0.109127
2 0.488343 0.790675 0.056548 0.079365
2 0.621776 0.680556 0.049603 0.083333
1 0.703869 0.627315 0.110615 0.198413
2 0.912574 0.577216 0.091022 0.096230
