2 0.129216 0.089451 0.081349 0.138558
2 0.273189 0.017361 0.065228 0.034061
2 0.015997 0.210152 0.031498 0.095569
1 0.012029 0.620370 0.023562 0.155423
0 0.099330 0.262235 0.115327 0.237434
0 0.399058 0.329530 0.110119 0.208003
1 0.514385 0.282077 0.112103 0.140212
0 0.613095 0.185351 0.080853 0.136574
2 0.710193 0.217758 0.126240 0.127976
1 0.677827 0.423280 0.104663 0.116402
2 0.723090 0.449239 0.053819 0.112103
2 0.690972 0.555556 0.062996 0.093254
2 0.726562 0.631779 0.058780 0.083664
2 0.818204 0.617394 0.026290 0.041667
2 0.732515 0.759425 0.024058 0.038029
2 0.638641 0.811177 0.038194 0.050926
2 0.631696 0.700728 0.054563 0.082011
2 0.580233 0.594411 0.063740 0.093585
2 0.647321 0.499504 0.040675 0.045966
2 0.504092 0.462467 0.083085 0.135913
2 0.490451 0.518849 0.038442 0.051587
2 0.473710 0.558036 0.082341 0.128638
2 0.489335 0.719577 0.074901 0.091931
2 0.516741 0.699074 0.022073 0.031085
2 0.406374 0.771660 0.034970 0.051257
2 0.402530 0.717262 0.045635 0.058862
2 0.508929 0.865575 0.036706 0.061839
1 0.358879 0.563492 0.097718 0.143519
0 0.575645 0.394180 0.087798 0.150132
