1 0.507937 0.321263 0.115575 0.192791
0 0.631448 0.433366 0.124008 0.243056
2 0.919271 0.385913 0.071181 0.089286
2 0.978051 0.560516 0.043899 0.107804
2 0.897693 0.635417 0.071181 0.103505
2 0.716394 0.752315 0.100942 0.141534
2 0.755456 0.887731 0.075397 0.110780
2 0.746528 0.942295 0.087798 0.110780
2 0.432664 0.813327 0.084573 0.153108
2 0.562996 0.550430 0.099206 0.127976
2 0.463170 0.548776 0.114335 0.180225
2 0.348338 0.525794 0.109871 0.200397
2 0.140005 0.588955 0.083581 0.123016
2 0.013393 0.644676 0.026290 0.070437
