2 0.275546 0.157242 0.112103 0.179563
2 0.601190 0.256614 0.091766 0.130952
2 0.696677 0.372685 0.049603 0.065476
2 0.839038 0.299603 0.106647 0.149471
2 0.921751 0.416501 0.060764 0.071098
2 0.827629 0.648975 0.045139 0.054563
2 0.670511 0.594081 0.095486 0.125992
2 0.579117 0.655258 0.125000 0.151786
2 0.625000 0.810020 0.081845 0.109458
2 0.434400 0.904266 0.070685 0.077712
2 0.372148 0.836310 0.058284 0.078042
2 0.306052 0.853505 0.079365 0.101190
2 0.275050 0.711640 0.135913 0.166667
1 0.452505 0.714782 0.133681 0.167659
