2 0.267733 0.093915 0.094494 0.099206
2 0.431176 0.108796 0.077133 0.095899
2 0.244048 0.562335 0.119048 0.137235
2 0.129960 0.880622 0.125992 0.224206
2 0.407118 0.832341 0.037946 0.060185
2 0.453249 0.760086 0.032986 0.051257
1 0.465650 0.625827 0.101935 0.144511
0 0.439732 0.410714 0.107143 0.190476
2 0.514633 0.480820 0.061012 0.094577
2 0.636533 0.532077 0.073661 0.107143
1 0.579985 0.660549 0.089038 0.130622
2 0.600694 0.780258 0.063492 0.098214
2 0.720114 0.916832 0.031994 0.051257
2 0.920387 0.743552 0.029266 0.032077
2 0.834697 0.709491 0.051835 0.069114
2 0.828745 0.645503 0.030010 0.039021
2 0.786086 0.669478 0.033482 0.045304
2 0.719866 0.564484 0.077629 0.099868
2 0.973090 0.369048 0.040427 0.043651
2 0.889137 0.389881 0.053075 0.056878
2 0.788318 0.265873 0.032490 0.058862
0 0.820437 0.342923 0.094246 0.149471
1 0.907242 0.299603 0.085813 0.133598
0 0.694196 0.187831 0.085813 0.156085
