2 0.802951 0.042328 0.052827 0.047619
2 0.940600 0.067791 0.035962 0.055556
2 0.848958 0.354001 0.052083 0.105489
2 0.935392 0.474372 0.052827 0.067791
2 0.634921 0.644015 0.068452 0.118056
2 0.645957 0.805390 0.070188 0.122685
2 0.548115 0.775628 0.051091 0.096230
2 0.540055 0.703704 0.108383 0.189815
2 0.458085 0.544478 0.093254 0.167659
2 0.532242 0.492394 0.054067 0.083333
2 0.638641 0.580026 0.043651 0.056217
2 0.329985 0.540509 0.058284 0.080357
1 0.194196 0.664848 0.105655 0.147817
0 0.079241 0.565311 0.103423 0.145833
0 0.734623 0.447751 0.174107 0.230159
2 0.372396 0.604167 0.027530 0.039683
