0 0.420139 0.311177 0.104663 0.158069
0 0.792411 0.379795 0.124504 0.133267
0 0.633557 0.547288 0.091518 0.124339
1 0.534102 0.512401 0.088046 0.145172
1 0.292039 0.528274 0.082589 0.130622
2 0.041543 0.067460 0.045387 0.067460
2 0.037946 0.151290 0.075397 0.118717
2 0.120784 0.114253 0.087302 0.143849
2 0.259673 0.065642 0.039187 0.038029
2 0.595486 0.357308 0.043651 0.086310
2 0.784846 0.475033 0.028522 0.043320
2 0.739459 0.498677 0.057788 0.082011
2 0.737351 0.647321 0.073909 0.145833
2 0.780506 0.648313 0.032738 0.061839
2 0.707465 0.736442 0.030010 0.056878
2 0.685144 0.590774 0.034970 0.067791
2 0.568824 0.592593 0.053819 0.099868
2 0.456349 0.519015 0.068452 0.136574
2 0.422743 0.691799 0.044395 0.074074
2 0.377728 0.609127 0.070437 0.130291
2 0.312004 0.563161 0.042659 0.071429
2 0.303571 0.643684 0.049603 0.077050
2 0.336434 0.733962 0.085069 0.159722
2 0.206845 0.756448 0.038194 0.046627
