0 0.639757 0.354001 0.131200 0.217923
0 0.515253 0.415675 0.114831 0.216270
1 0.408978 0.511739 0.106151 0.185516
0 0.248016 0.417824 0.085317 0.260913
2 0.168279 0.528604 0.119792 0.170304
2 0.702257 0.572421 0.077133 0.125661
2 0.775422 0.568452 0.084077 0.149471
2 0.835193 0.624173 0.065724 0.069775
2 0.815600 0.674272 0.051339 0.048942
2 0.505704 0.609127 0.056052 0.105820
2 0.495040 0.849372 0.047619 0.086971
2 0.535962 0.761574 0.103671 0.181878
2 0.655506 0.728340 0.073909 0.153108
2 0.623016 0.651951 0.080357 0.136574
2 0.571305 0.578373 0.077133 0.124339
