2 0.074653 0.126984 0.050099 0.066138
2 0.369048 0.139054 0.044643 0.053902
2 0.757937 0.057705 0.093254 0.078373
2 0.798239 0.242063 0.138641 0.133598
2 0.941468 0.035384 0.112103 0.070106
2 0.802579 0.474041 0.057540 0.079696
2 0.743304 0.630952 0.070437 0.099206
2 0.814980 0.765542 0.057540 0.090608
2 0.741567 0.776290 0.062004 0.086310
0 0.729911 0.666997 0.105159 0.138228
1 0.659102 0.789517 0.133185 0.229167
1 0.628472 0.620205 0.135417 0.212632
0 0.540055 0.669478 0.100942 0.229167
0 0.455605 0.334491 0.129464 0.229167
0 0.146329 0.216270 0.111607 0.179894
