0 0.294395 0.230324 0.106647 0.186177
2 0.280754 0.444114 0.079365 0.099206
2 0.333829 0.519180 0.037698 0.065476
2 0.654886 0.721230 0.051339 0.107143
2 0.694568 0.633929 0.051835 0.074735
2 0.700397 0.701885 0.056052 0.088294
2 0.771825 0.686012 0.031746 0.051257
2 0.757316 0.728836 0.026538 0.039021
2 0.787822 0.865741 0.028026 0.043651
2 0.709945 0.880952 0.033978 0.042328
2 0.633309 0.982639 0.024058 0.034722
2 0.662078 0.898479 0.040923 0.076058
2 0.582093 0.835813 0.062996 0.112103
2 0.615203 0.731812 0.041915 0.099206
0 0.521453 0.669147 0.088542 0.163690
0 0.603051 0.442956 0.089038 0.153108
