2 0.346726 0.309358 0.115575 0.199405
2 0.485863 0.831680 0.056052 0.107804
2 0.580729 0.781746 0.060268 0.141534
2 0.552703 0.815146 0.065724 0.139550
2 0.579985 0.684689 0.053323 0.086971
2 0.461806 0.667493 0.049107 0.062500
2 0.443204 0.567130 0.073413 0.109127
2 0.596106 0.554233 0.113839 0.155423
2 0.677331 0.517857 0.068948 0.088624
2 0.845362 0.520668 0.102431 0.144511
2 0.698289 0.701885 0.053819 0.092923
2 0.737475 0.617725 0.040427 0.089947
2 0.716022 0.882937 0.045139 0.081349
2 0.652406 0.709821 0.048363 0.134590
1 0.658606 0.485119 0.128720 0.241402
1 0.561508 0.290013 0.099702 0.181878
2 0.493676 0.411045 0.070685 0.122354
