0 0.197917 0.251157 0.144345 0.159061
1 0.100322 0.337136 0.125248 0.152447
1 0.131572 0.578869 0.097966 0.143188
2 0.104415 0.636078 0.063988 0.067791
2 0.211434 0.616567 0.092510 0.126653
2 0.202753 0.667659 0.078621 0.083333
2 0.244916 0.616237 0.047371 0.062500
2 0.303075 0.628638 0.044147 0.065476
1 0.336062 0.563492 0.092758 0.155423
2 0.430804 0.498512 0.092758 0.121362
1 0.548115 0.420139 0.106151 0.161706
1 0.642361 0.361938 0.111607 0.160384
2 0.843006 0.453538 0.113591 0.153770
2 0.308408 0.126323 0.066716 0.123677
