2 0.314980 0.405423 0.055060 0.076058
2 0.152902 0.121362 0.060764 0.067460
2 0.557044 0.435847 0.036706 0.050926
2 0.704737 0.400628 0.045387 0.051257
2 0.805556 0.645833 0.091766 0.151455
2 0.675099 0.570602 0.098214 0.120701
2 0.639013 0.759425 0.071181 0.134590
2 0.573537 0.640377 0.039435 0.044643
2 0.399306 0.764881 0.068452 0.107804
2 0.428943 0.501323 0.050347 0.083995
2 0.529018 0.545800 0.093750 0.143188
1 0.314856 0.484788 0.101438 0.171958
0 0.414683 0.617725 0.114087 0.175926
0 0.676711 0.659061 0.155506 0.238757
