0 0.354429 0.362628 0.116071 0.175770
1 0.532826 0.476891 0.072304 0.115313
1 0.623074 0.606676 0.093137 0.137255
2 0.857493 0.642040 0.036765 0.038515
2 0.680847 0.637955 0.056373 0.118114
2 0.563113 0.713119 0.044293 0.067227
2 0.502451 0.685341 0.019258 0.035014
2 0.497199 0.744514 0.028361 0.051120
2 0.456758 0.703315 0.033964 0.072362
2 0.410802 0.731326 0.038340 0.045285
2 0.408263 0.638072 0.083683 0.147292
2 0.463585 0.459967 0.054272 0.087535
2 0.267244 0.599790 0.088060 0.153828
2 0.285014 0.693861 0.051471 0.089869
2 0.314513 0.729225 0.051296 0.061158
