0 0.474826 0.215939 0.128720 0.222222
0 0.605035 0.412864 0.134673 0.249669
1 0.768353 0.446263 0.147817 0.200066
2 0.727307 0.388889 0.058284 0.097884
2 0.757812 0.602679 0.039435 0.051257
2 0.660838 0.561343 0.059772 0.088955
2 0.669147 0.615245 0.080853 0.093585
2 0.538938 0.719907 0.044643 0.055556
2 0.488839 0.591104 0.080357 0.128638
2 0.526786 0.482970 0.047619 0.070437
2 0.427579 0.405754 0.103671 0.167328
2 0.299851 0.446925 0.079861 0.129299
2 0.356399 0.582507 0.092758 0.145833
2 0.258309 0.504299 0.040923 0.065476
2 0.125372 0.535384 0.039435 0.066138
