2 0.468626 0.215608 0.051835 0.067460
2 0.596602 0.299934 0.045883 0.072751
2 0.489335 0.625331 0.066468 0.122354
2 0.532242 0.694940 0.047619 0.086310
2 0.091766 0.701885 0.100198 0.134590
2 0.017733 0.766204 0.034970 0.068783
2 0.965650 0.252149 0.068700 0.096230
2 0.956721 0.478671 0.086558 0.153770
2 0.986359 0.638228 0.027282 0.105159
2 0.984251 0.734954 0.031498 0.120040
2 0.902034 0.903108 0.098214 0.150132
2 0.783110 0.865906 0.152530 0.203373
0 0.578621 0.701554 0.098214 0.184193
1 0.452381 0.759425 0.105655 0.186177
1 0.501984 0.402116 0.112103 0.199074
