2 0.112475 0.406746 0.109375 0.154101
0 0.339534 0.384755 0.105159 0.184854
0 0.479663 0.554067 0.125496 0.218585
0 0.421751 0.582837 0.090526 0.188161
0 0.545635 0.301422 0.116567 0.170304
2 0.452505 0.372354 0.065724 0.130952
2 0.347346 0.642526 0.071181 0.097884
2 0.609251 0.787864 0.077629 0.113426
2 0.646577 0.518849 0.037698 0.051587
2 0.723586 0.402447 0.063740 0.113757
2 0.760293 0.200893 0.054812 0.094246
2 0.810144 0.038525 0.085565 0.076389
2 0.553075 0.405093 0.068452 0.099868
2 0.587798 0.488757 0.066964 0.100529
