2 0.296379 0.298942 0.098710 0.179894
2 0.358631 0.238922 0.044147 0.067130
2 0.434648 0.271329 0.075645 0.094246
2 0.447793 0.526786 0.082589 0.126323
2 0.482515 0.581515 0.028026 0.044643
2 0.442460 0.589286 0.050099 0.067460
1 0.353175 0.513393 0.106647 0.135913
0 0.348338 0.666997 0.143601 0.207011
2 0.083705 0.686177 0.065724 0.075397
2 0.130332 0.648810 0.115823 0.181878
0 0.307912 0.838790 0.132688 0.217262
2 0.265625 0.968585 0.068452 0.062831
2 0.420759 0.679894 0.083581 0.125000
0 0.922867 0.590443 0.136409 0.157738
2 0.948661 0.670304 0.051091 0.031085
2 0.880828 0.768022 0.051339 0.056548
0 0.788070 0.735946 0.116815 0.185516
