1 0.089782 0.171627 0.051091 0.089286
2 0.931176 0.474041 0.045387 0.046627
2 0.954737 0.508267 0.058780 0.083333
2 0.993304 0.653274 0.013393 0.104828
2 0.773934 0.563823 0.102927 0.126984
2 0.626612 0.835152 0.057292 0.086310
2 0.449653 0.893684 0.066964 0.102844
2 0.419271 0.796131 0.091022 0.120040
2 0.346726 0.904597 0.059524 0.096892
2 0.296503 0.774802 0.039931 0.051587
2 0.396825 0.648313 0.092758 0.168320
0 0.204489 0.668816 0.132688 0.174934
0 0.318452 0.542989 0.131944 0.216270
0 0.592634 0.469411 0.116319 0.162368
0 0.700521 0.502976 0.107887 0.156746
1 0.670263 0.625000 0.095982 0.151455
1 0.575025 0.731316 0.096478 0.143188
1 0.496404 0.805721 0.096478 0.152447
0 0.408234 0.755456 0.104663 0.129299
