2 0.239707 0.225198 0.135169 0.175926
2 0.351935 0.167989 0.093254 0.107804
2 0.346726 0.307540 0.148810 0.204365
2 0.332713 0.470734 0.101438 0.143849
0 0.450769 0.385251 0.131696 0.248677
1 0.728919 0.368386 0.160714 0.233466
2 0.808532 0.556052 0.094246 0.120040
2 0.609375 0.684193 0.087302 0.106481
0 0.301463 0.267692 0.087550 0.235119
2 0.515749 0.561012 0.124752 0.155754
2 0.648934 0.507275 0.109375 0.156746
2 0.583457 0.342097 0.096974 0.143849
2 0.629216 0.815476 0.118552 0.201720
2 0.540923 0.892030 0.061508 0.083664
