2 0.011533 0.309358 0.022569 0.085648
2 0.027282 0.335483 0.033730 0.061839
1 0.296255 0.488757 0.052331 0.066138
2 0.272321 0.603009 0.057044 0.087632
2 0.310640 0.566138 0.039931 0.066799
2 0.349454 0.596561 0.045139 0.074735
2 0.364583 0.645503 0.068948 0.099206
2 0.407366 0.557044 0.057788 0.088955
2 0.484499 0.521825 0.046875 0.066138
1 0.544891 0.515708 0.072917 0.129960
2 0.593874 0.464286 0.034970 0.052910
0 0.669767 0.329530 0.077629 0.095569
0 0.712054 0.554894 0.098710 0.159392
2 0.730159 0.291832 0.043155 0.069114
2 0.734375 0.400463 0.041171 0.099206
2 0.787822 0.400298 0.059276 0.093585
2 0.852431 0.491237 0.061508 0.084325
2 0.794767 0.316138 0.088542 0.090608
