0 0.401662 0.441303 0.133681 0.161045
1 0.782986 0.606481 0.112103 0.173942
1 0.505456 0.516038 0.086806 0.151124
2 0.436260 0.616237 0.078869 0.128638
2 0.413070 0.711475 0.076637 0.087632
2 0.323537 0.635086 0.061260 0.092923
2 0.469990 0.779762 0.023313 0.040344
2 0.637897 0.758598 0.037698 0.048280
2 0.613095 0.732474 0.090774 0.149471
2 0.688616 0.565146 0.089534 0.124339
2 0.687748 0.651620 0.041667 0.069775
2 0.725694 0.459325 0.087302 0.123677
2 0.619296 0.595073 0.066468 0.096230
2 0.537078 0.663525 0.083085 0.145172
