2 0.508141 0.210201 0.077206 0.091270
2 0.272934 0.764939 0.047619 0.089169
1 0.298319 0.685458 0.076681 0.132820
0 0.105567 0.351774 0.117647 0.158263
0 0.494485 0.585901 0.126225 0.190476
0 0.726716 0.367764 0.137955 0.209384
0 0.888655 0.516573 0.129202 0.212418
1 0.660277 0.748249 0.088060 0.156162
2 0.787465 0.442460 0.097339 0.170635
2 0.758141 0.543534 0.044293 0.067927
2 0.977854 0.549720 0.042542 0.131186
1 0.561537 0.809057 0.065651 0.137722
2 0.493960 0.841970 0.045343 0.097106
2 0.435399 0.727124 0.047619 0.093371
2 0.350928 0.772292 0.039391 0.086134
