1 0.219122 0.362599 0.114831 0.153108
0 0.720982 0.364087 0.159226 0.223545
2 0.036210 0.747520 0.062004 0.122024
2 0.168279 0.835483 0.084573 0.137235
2 0.158606 0.569610 0.113839 0.122685
2 0.461682 0.731647 0.091022 0.129299
2 0.499876 0.537533 0.127728 0.176918
2 0.697049 0.646825 0.101438 0.159392
2 0.812376 0.166997 0.097966 0.181878
2 0.652282 0.052083 0.093750 0.096892
2 0.582465 0.048446 0.039435 0.063823
2 0.618552 0.109788 0.103175 0.106481
2 0.622024 0.212302 0.050595 0.071429
2 0.814484 0.427249 0.085317 0.162037
