2 0.202877 0.718750 0.057540 0.096230
2 0.206845 0.946925 0.049603 0.104167
2 0.276662 0.810185 0.057788 0.123677
2 0.485367 0.770503 0.087798 0.162698
2 0.445188 0.640873 0.098214 0.147487
2 0.347842 0.565972 0.081597 0.111442
1 0.526910 0.509094 0.140625 0.211971
2 0.381820 0.339286 0.099950 0.139550
1 0.645213 0.178902 0.107887 0.158069
2 0.607515 0.053075 0.051835 0.096230
2 0.577009 0.100860 0.056796 0.083995
2 0.815352 0.023644 0.072669 0.044643
2 0.792411 0.105159 0.057044 0.083995
2 0.773810 0.417824 0.100694 0.135913
2 0.736111 0.587963 0.072917 0.148148
