2 0.054688 0.165013 0.077133 0.115741
0 0.051091 0.236772 0.101687 0.115741
2 0.229539 0.427745 0.053323 0.079034
2 0.244544 0.539021 0.043651 0.048942
1 0.332465 0.430060 0.108383 0.160384
2 0.391245 0.554563 0.047867 0.082672
2 0.439236 0.646495 0.098710 0.163360
0 0.417039 0.519676 0.134177 0.175595
1 0.542163 0.542328 0.112599 0.187831
2 0.578001 0.342427 0.075645 0.118717
2 0.707465 0.256944 0.094990 0.134259
2 0.681796 0.464616 0.051091 0.076720
2 0.704241 0.449901 0.038938 0.054563
2 0.850570 0.423776 0.088046 0.111442
0 0.676463 0.313161 0.132192 0.198413
0 0.799355 0.393188 0.138393 0.216931
