2 0.810268 0.161706 0.067956 0.074735
2 0.953869 0.775132 0.050099 0.072751
2 0.968254 0.952050 0.061508 0.095899
2 0.755952 0.788525 0.087798 0.122024
2 0.672247 0.849206 0.070188 0.164683
2 0.561632 0.630456 0.076637 0.136574
2 0.678571 0.657903 0.079861 0.094246
2 0.798115 0.510417 0.074901 0.103505
2 0.239335 0.662698 0.067956 0.125000
2 0.156994 0.614418 0.094246 0.158069
0 0.319568 0.491402 0.126240 0.181878
0 0.642733 0.297454 0.132192 0.201389
1 0.477059 0.531746 0.095982 0.156746
1 0.388021 0.562996 0.087550 0.161706
