2 0.106647 0.489749 0.050595 0.065476
2 0.050595 0.488095 0.050595 0.058862
2 0.287698 0.358631 0.062500 0.120701
2 0.256200 0.555886 0.060020 0.109788
2 0.336310 0.561343 0.042163 0.077712
2 0.318948 0.566799 0.049603 0.101190
2 0.720114 0.852844 0.078621 0.089947
2 0.691592 0.948413 0.060268 0.088624
2 0.868428 0.816303 0.058284 0.094246
1 0.607639 0.595899 0.111607 0.149471
1 0.401290 0.353340 0.087798 0.168981
1 0.474578 0.380126 0.076141 0.146495
1 0.413690 0.508102 0.104167 0.175595
1 0.842014 0.584325 0.149802 0.195767
0 0.818824 0.660549 0.147569 0.213955
