0 0.416047 0.349537 0.101438 0.173280
1 0.506944 0.647652 0.080357 0.170966
1 0.551711 0.650463 0.078125 0.199735
2 0.495164 0.648313 0.046875 0.090278
2 0.638517 0.474372 0.034970 0.083664
2 0.685392 0.513062 0.068700 0.143849
2 0.595114 0.569610 0.045387 0.124669
2 0.683284 0.592262 0.093254 0.132275
2 0.942832 0.364253 0.110863 0.162368
2 0.820809 0.214120 0.090030 0.110780
2 0.790303 0.270503 0.058284 0.080026
2 0.931300 0.150132 0.137401 0.156746
2 0.385789 0.060020 0.052827 0.061177
2 0.310392 0.176587 0.034474 0.057540
2 0.297743 0.252976 0.044891 0.068783
2 0.351066 0.326224 0.063244 0.092262
2 0.330357 0.446759 0.079861 0.132937
2 0.266121 0.406911 0.050595 0.094907
2 0.480779 0.151455 0.037946 0.066138
2 0.665427 0.247685 0.045635 0.074074
