0 0.327644 0.482960 0.127976 0.203548
1 0.259016 0.551587 0.095763 0.161064
1 0.067752 0.589869 0.085434 0.150327
2 0.021096 0.584384 0.041842 0.104342
2 0.117034 0.751401 0.048144 0.076564
2 0.158789 0.720822 0.074930 0.121849
2 0.176646 0.758403 0.040616 0.070028
2 0.267419 0.782446 0.040441 0.054155
2 0.310137 0.726307 0.044993 0.049720
2 0.296131 0.644608 0.071604 0.113679
1 0.472339 0.579715 0.109944 0.158964
1 0.794293 0.660598 0.088585 0.131186
0 0.702118 0.633287 0.112220 0.155462
1 0.617822 0.795518 0.072829 0.115313
1 0.698880 0.837185 0.090336 0.137021
2 0.769433 0.810808 0.036765 0.075864
