1 0.504902 0.445495 0.112045 0.179505
1 0.549545 0.512605 0.087535 0.175070
0 0.196078 0.691293 0.095238 0.143091
0 0.014968 0.159897 0.029587 0.108777
2 0.086835 0.848856 0.047619 0.075864
2 0.153361 0.901027 0.070028 0.124650
2 0.080270 0.953198 0.035539 0.064192
2 0.351103 0.733660 0.033438 0.045285
2 0.397672 0.569795 0.042192 0.110177
2 0.477854 0.562092 0.039391 0.091970
2 0.443890 0.670868 0.044993 0.094771
2 0.474002 0.748483 0.049195 0.095472
2 0.441439 0.492530 0.033438 0.084034
0 0.934524 0.112395 0.130952 0.219655
