1 0.501984 0.292824 0.080357 0.114087
1 0.610491 0.301753 0.076141 0.112103
0 0.261285 0.411045 0.109871 0.156746
1 0.167535 0.393188 0.087550 0.099206
2 0.140625 0.460648 0.044147 0.063492
2 0.231647 0.460813 0.049603 0.077712
1 0.663442 0.475033 0.056052 0.112103
1 0.624504 0.630622 0.067460 0.132937
2 0.630084 0.534392 0.034474 0.055556
2 0.740451 0.618882 0.032986 0.051918
2 0.677083 0.708333 0.025794 0.056878
2 0.556796 0.741071 0.026786 0.051587
2 0.519841 0.212963 0.035218 0.066799
2 0.549603 0.196925 0.024306 0.051918
2 0.589410 0.167328 0.025546 0.050265
2 0.314732 0.271660 0.054067 0.092262
2 0.412326 0.262235 0.045387 0.060185
