2 0.526290 0.223380 0.097718 0.146495
2 0.426215 0.190476 0.052827 0.089286
2 0.401166 0.451224 0.089038 0.169643
2 0.615823 0.498181 0.066468 0.110780
2 0.507564 0.565311 0.071677 0.128638
2 0.351687 0.709491 0.050099 0.113426
2 0.424603 0.721230 0.036706 0.066799
2 0.282366 0.593750 0.056300 0.103505
2 0.215278 0.531911 0.085813 0.135251
2 0.144345 0.617890 0.047619 0.071098
2 0.860367 0.311839 0.037698 0.067460
2 0.846850 0.236111 0.062748 0.115741
0 0.782986 0.161210 0.131944 0.186177
0 0.027282 0.896660 0.054067 0.170304
0 0.452505 0.642857 0.133185 0.190476
