2 0.375744 0.233631 0.031250 0.045966
2 0.492063 0.247189 0.042163 0.070437
2 0.512649 0.123512 0.048611 0.064484
2 0.513145 0.178571 0.024802 0.048280
2 0.535218 0.177414 0.039683 0.071759
2 0.601314 0.213294 0.033978 0.073413
2 0.688864 0.233466 0.039931 0.056217
2 0.472594 0.315476 0.034474 0.074735
2 0.499380 0.337798 0.029514 0.059193
2 0.553819 0.394841 0.051091 0.092593
2 0.453497 0.470073 0.054315 0.100860
2 0.467634 0.505952 0.089038 0.132275
2 0.949281 0.584656 0.071181 0.134259
2 0.865327 0.537533 0.055556 0.092262
2 0.758061 0.631779 0.058780 0.112103
2 0.844742 0.641204 0.100198 0.132275
2 0.725322 0.717758 0.054315 0.094246
0 0.550347 0.416501 0.104663 0.176257
1 0.650918 0.705853 0.096478 0.172288
