1 0.763393 0.335668 0.063550 0.102708
0 0.699930 0.308240 0.059174 0.097806
2 0.693627 0.314076 0.029062 0.040850
0 0.659926 0.212302 0.082108 0.105742
0 0.556810 0.162465 0.060749 0.090570
2 0.651261 0.081116 0.036064 0.038515
2 0.822479 0.782796 0.052521 0.056256
0 0.306898 0.019024 0.056373 0.034314
2 0.308473 0.015056 0.015756 0.021709
2 0.363183 0.150444 0.019083 0.025444
2 0.363445 0.178455 0.024160 0.045051
2 0.451331 0.208333 0.022409 0.031979
2 0.425858 0.233193 0.032738 0.048086
2 0.479167 0.251401 0.021359 0.036415
0 0.478029 0.198179 0.054097 0.078898
0 0.492910 0.257937 0.053046 0.091970
0 0.388568 0.203548 0.047094 0.088235
