1 0.388269 0.617394 0.090030 0.172619
1 0.810516 0.406746 0.066468 0.087963
0 0.850942 0.369709 0.072917 0.114418
2 0.517733 0.452050 0.046875 0.067460
2 0.507812 0.513228 0.047371 0.060185
2 0.564856 0.586806 0.050843 0.088294
2 0.570561 0.600860 0.066220 0.101852
2 0.599082 0.700893 0.035962 0.061839
2 0.551959 0.757606 0.029018 0.044312
2 0.516989 0.707176 0.039931 0.070437
2 0.437376 0.648644 0.052331 0.089616
2 0.479167 0.566468 0.087302 0.133598
2 0.471602 0.656911 0.064732 0.100860
2 0.452629 0.713790 0.056052 0.086310
2 0.863343 0.467097 0.062996 0.084987
2 0.896205 0.385913 0.026538 0.048942
2 0.923859 0.416832 0.056052 0.067791
2 0.679936 0.378638 0.034970 0.058862
