1 0.601716 0.478175 0.102241 0.134220
1 0.880515 0.409664 0.083158 0.125584
1 0.959471 0.440359 0.078256 0.100607
2 0.911327 0.522759 0.042192 0.055322
2 0.967174 0.513655 0.044293 0.069328
1 0.895483 0.683940 0.085784 0.119514
2 0.992034 0.665383 0.014181 0.060458
2 0.772672 0.606676 0.049195 0.077498
2 0.651261 0.676704 0.068978 0.106443
2 0.752714 0.737628 0.042192 0.060691
0 0.258403 0.411531 0.108193 0.159664
0 0.371148 0.437092 0.053571 0.083800
0 0.424195 0.240430 0.060224 0.118114
0 0.675858 0.547969 0.115021 0.153828
