0 0.063113 0.392157 0.084209 0.137255
0 0.410539 0.453898 0.062325 0.104342
0 0.480742 0.425420 0.065126 0.105742
0 0.531688 0.483427 0.050770 0.094771
1 0.677521 0.452731 0.088585 0.158964
1 0.808824 0.409314 0.087535 0.126284
2 0.229692 0.501167 0.071779 0.099907
2 0.290704 0.487395 0.058999 0.102708
2 0.358193 0.478291 0.065126 0.100840
2 0.407826 0.452381 0.031688 0.041550
2 0.589373 0.496499 0.050245 0.081699
2 0.833683 0.553455 0.082633 0.119514
2 0.779849 0.623716 0.048144 0.063492
2 0.931898 0.660247 0.054622 0.073529
