0 0.805308 0.223049 0.146825 0.245040
0 0.621404 0.432209 0.110863 0.158730
1 0.412202 0.427579 0.101190 0.159392
1 0.332713 0.467593 0.106399 0.158730
2 0.703125 0.275628 0.045635 0.078373
2 0.739211 0.417493 0.098462 0.143849
2 0.766741 0.478340 0.123264 0.184854
2 0.506820 0.228505 0.041419 0.050265
2 0.405010 0.382440 0.050099 0.070437
2 0.484499 0.473710 0.040923 0.071759
2 0.551835 0.451720 0.049603 0.108466
2 0.583209 0.488426 0.083085 0.156085
2 0.499008 0.495205 0.063492 0.104828
2 0.314980 0.555886 0.068452 0.115741
2 0.255580 0.438823 0.044891 0.066799
2 0.210069 0.560516 0.079861 0.133598
2 0.140749 0.539352 0.054315 0.068122
2 0.129960 0.636409 0.052083 0.078373
