2 0.607639 0.293485 0.081845 0.120040
2 0.650794 0.443783 0.042163 0.072751
2 0.443204 0.612765 0.048611 0.066799
2 0.679067 0.710483 0.062004 0.088294
2 0.756696 0.764054 0.074901 0.113426
2 0.832589 0.722388 0.073413 0.094907
2 0.070685 0.263393 0.081845 0.092923
2 0.130704 0.166997 0.030754 0.033730
2 0.200893 0.180721 0.024306 0.035384
2 0.016865 0.041336 0.033234 0.058201
1 0.126488 0.447751 0.131944 0.226852
0 0.356647 0.553737 0.106151 0.178902
0 0.552951 0.552414 0.101935 0.161706
0 0.678695 0.350694 0.114831 0.146495
1 0.563740 0.179398 0.062004 0.086971
