0 0.476562 0.321594 0.133185 0.209325
0 0.917659 0.059028 0.098710 0.117394
2 0.929439 0.019841 0.040427 0.039021
1 0.678571 0.696098 0.135913 0.238095
2 0.581721 0.792163 0.066220 0.145172
2 0.632937 0.847553 0.062004 0.123677
2 0.501736 0.694279 0.097222 0.195437
2 0.443576 0.706680 0.077629 0.149471
2 0.268477 0.674934 0.053323 0.068783
2 0.230779 0.634259 0.047867 0.075397
2 0.213294 0.540179 0.036706 0.063823
2 0.156746 0.554233 0.031250 0.073413
2 0.131944 0.474206 0.036706 0.057540
2 0.101438 0.358631 0.043651 0.077712
2 0.286582 0.456680 0.079613 0.115741
2 0.293031 0.494048 0.077629 0.174603
2 0.407118 0.462467 0.113839 0.176257
2 0.359747 0.316138 0.083581 0.125000
