0 0.445437 0.249008 0.088790 0.104497
1 0.301711 0.272983 0.103423 0.104828
2 0.134053 0.120701 0.060268 0.068783
2 0.019717 0.138558 0.038938 0.056217
2 0.552207 0.224537 0.056796 0.098545
2 0.631944 0.176587 0.061012 0.066138
2 0.699653 0.207672 0.055060 0.074735
2 0.652530 0.429398 0.030754 0.061177
2 0.985739 0.413525 0.028522 0.077050
2 0.947917 0.822255 0.048115 0.097553
2 0.819320 0.653604 0.095982 0.151786
2 0.722594 0.711310 0.095486 0.157407
2 0.314484 0.728836 0.054563 0.101852
2 0.457341 0.559193 0.035218 0.060185
1 0.487475 0.682044 0.101935 0.155093
0 0.585689 0.539352 0.119296 0.213624
0 0.704241 0.575728 0.156994 0.171296
