0 0.338294 0.293816 0.147817 0.185516
0 0.326141 0.714120 0.123512 0.219246
1 0.604663 0.596230 0.125000 0.179233
0 0.687376 0.484788 0.114831 0.168651
2 0.705977 0.462467 0.059276 0.079696
2 0.579613 0.411706 0.056548 0.073413
2 0.645089 0.491898 0.067956 0.125992
2 0.738219 0.668816 0.071677 0.125992
2 0.599950 0.922288 0.049603 0.082011
2 0.510045 0.739253 0.076141 0.121362
2 0.211682 0.780258 0.041915 0.059854
2 0.228671 0.651455 0.073909 0.098545
2 0.305556 0.207672 0.079861 0.089286
2 0.265873 0.085317 0.099702 0.116402
2 0.566220 0.605159 0.086806 0.143519
