2 0.204365 0.702546 0.076885 0.120040
2 0.303571 0.660549 0.070437 0.112103
2 0.333457 0.570271 0.064732 0.101521
2 0.520709 0.425430 0.028026 0.053241
2 0.584201 0.494874 0.048363 0.059854
2 0.590898 0.573247 0.076141 0.101521
2 0.614335 0.426918 0.073413 0.089286
2 0.826513 0.572917 0.034970 0.044643
2 0.868552 0.434358 0.031746 0.045304
2 0.939856 0.374008 0.078125 0.105820
2 0.946553 0.456019 0.065724 0.097222
2 0.937624 0.619874 0.077133 0.094246
0 0.956225 0.518353 0.087550 0.127976
0 0.824405 0.500496 0.078373 0.118717
