0 0.615327 0.496528 0.104167 0.143849
0 0.377852 0.333168 0.085069 0.112765
0 0.304563 0.430060 0.092758 0.135913
2 0.404762 0.530754 0.058036 0.105820
2 0.443204 0.493717 0.043651 0.076058
2 0.540427 0.626323 0.068452 0.117063
2 0.718874 0.654762 0.076141 0.110450
2 0.642609 0.757606 0.067956 0.122354
2 0.409350 0.697917 0.047867 0.080357
2 0.205977 0.460979 0.052331 0.092593
2 0.252108 0.476521 0.053819 0.087963
2 0.123264 0.526124 0.056052 0.068783
2 0.304563 0.619213 0.024802 0.039352
2 0.246156 0.348545 0.051835 0.073413
