2 0.239955 0.574570 0.083581 0.105489
2 0.125372 0.624669 0.073165 0.099206
2 0.071181 0.643684 0.029762 0.045304
2 0.045015 0.260251 0.089534 0.123677
2 0.514137 0.495205 0.090774 0.142526
2 0.636533 0.568287 0.077629 0.135913
2 0.657242 0.689649 0.088790 0.150463
2 0.795883 0.697586 0.104167 0.147156
2 0.567956 0.292824 0.049603 0.058532
2 0.650050 0.375165 0.062500 0.087632
2 0.600446 0.410384 0.098214 0.172619
0 0.507440 0.060185 0.038194 0.089286
1 0.711930 0.337798 0.119792 0.200066
0 0.631448 0.545470 0.128968 0.233135
