2 0.978919 0.089451 0.042163 0.071098
2 0.687872 0.385251 0.046379 0.097884
2 0.712674 0.408234 0.040923 0.073082
2 0.700273 0.586475 0.045387 0.053241
2 0.267485 0.747520 0.041419 0.067791
2 0.359127 0.702546 0.061012 0.072421
2 0.583705 0.569610 0.058284 0.092923
2 0.535466 0.600860 0.036210 0.034392
2 0.610119 0.420139 0.099206 0.167659
2 0.463294 0.435847 0.087798 0.130291
2 0.295263 0.471396 0.083085 0.118056
2 0.836310 0.504960 0.079365 0.123016
0 0.414931 0.552249 0.104663 0.164683
0 0.241443 0.683862 0.102431 0.134259
0 0.757937 0.558532 0.125992 0.191138
2 0.770089 0.329530 0.123512 0.150463
