2 0.309896 0.788029 0.108383 0.174603
0 0.379092 0.610615 0.096974 0.163029
0 0.484003 0.641534 0.114831 0.205026
2 0.396329 0.633267 0.039683 0.047619
2 0.548115 0.594411 0.053571 0.097553
2 0.570188 0.681052 0.055556 0.098214
2 0.544023 0.457672 0.034474 0.041667
2 0.652778 0.376653 0.056548 0.089286
2 0.636781 0.441634 0.106895 0.096892
2 0.719866 0.534888 0.026042 0.037368
2 0.778398 0.618552 0.078125 0.128638
2 0.664311 0.636409 0.059276 0.063823
2 0.653770 0.278770 0.029762 0.047619
2 0.795387 0.535053 0.062500 0.065476
2 0.885417 0.628142 0.032242 0.044643
2 0.826389 0.597388 0.038194 0.053241
2 0.871404 0.539683 0.060268 0.083333
2 0.926835 0.561012 0.037698 0.039352
2 0.971354 0.588294 0.041419 0.041005
