2 0.280754 0.368386 0.047619 0.056878
2 0.249628 0.536541 0.065228 0.100198
2 0.455357 0.238261 0.043155 0.085648
2 0.366195 0.212632 0.084573 0.173942
2 0.464534 0.295635 0.111111 0.123016
2 0.528770 0.347553 0.049603 0.082672
2 0.392609 0.392692 0.042659 0.086971
2 0.575893 0.477844 0.068452 0.082011
2 0.564608 0.570271 0.043899 0.071098
2 0.618552 0.687500 0.048115 0.088624
2 0.685392 0.517857 0.085565 0.118386
1 0.626612 0.500000 0.068700 0.115741
0 0.690228 0.602017 0.128968 0.176257
1 0.438244 0.430390 0.093750 0.143849
0 0.567336 0.417989 0.088046 0.138889
0 0.310640 0.373347 0.122272 0.115741
0 0.360243 0.273810 0.107391 0.121032
