2 0.590898 0.181382 0.095486 0.111442
1 0.727803 0.455357 0.121280 0.148810
2 0.737847 0.603340 0.108135 0.145833
1 0.751984 0.742890 0.130456 0.155754
1 0.664559 0.798611 0.088542 0.167989
2 0.709821 0.864583 0.088294 0.112103
2 0.614087 0.821594 0.075893 0.104828
2 0.480159 0.810185 0.047619 0.074735
2 0.371776 0.799769 0.081845 0.078373
2 0.187500 0.741402 0.056052 0.095899
2 0.136161 0.737103 0.061508 0.104497
2 0.066344 0.560351 0.038442 0.046627
0 0.134301 0.621362 0.107391 0.151455
0 0.894593 0.546627 0.210813 0.256614
