2 0.026786 0.283896 0.053075 0.103505
2 0.049107 0.401124 0.097718 0.130952
2 0.128596 0.203704 0.084077 0.108466
2 0.261037 0.441138 0.042411 0.057540
2 0.123388 0.116733 0.047371 0.060847
2 0.946925 0.314153 0.061012 0.058862
2 0.884053 0.379464 0.078621 0.104828
2 0.782738 0.574570 0.056052 0.072421
2 0.790179 0.599537 0.074405 0.099206
2 0.640873 0.721892 0.066964 0.099868
2 0.543031 0.669974 0.040427 0.057540
2 0.499628 0.711144 0.050843 0.101521
2 0.529638 0.487765 0.070685 0.131614
2 0.674851 0.433036 0.073413 0.108796
1 0.589162 0.553075 0.088542 0.154431
0 0.448909 0.437335 0.100198 0.187500
0 0.373264 0.183532 0.105159 0.066799
0 0.187996 0.329034 0.113095 0.156746
0 0.117684 0.306548 0.085565 0.130291
