1 0.592634 0.348545 0.078621 0.093254
1 0.749256 0.607804 0.093254 0.117063
2 0.242063 0.321263 0.061508 0.097553
2 0.156374 0.308201 0.041915 0.042989
2 0.161458 0.464286 0.055556 0.085979
2 0.141617 0.594411 0.066468 0.100860
2 0.080233 0.659722 0.083581 0.116402
2 0.135169 0.760086 0.037202 0.043981
2 0.060764 0.777447 0.043651 0.049603
0 0.201265 0.523975 0.108879 0.139220
0 0.292039 0.394841 0.084573 0.199074
2 0.362103 0.446925 0.058532 0.112103
2 0.444568 0.632110 0.106399 0.180225
0 0.836806 0.591270 0.092758 0.164683
2 0.907118 0.559524 0.083581 0.080026
2 0.958953 0.595073 0.054315 0.096230
