2 0.857391 0.566799 0.066468 0.081349
2 0.857639 0.650132 0.029266 0.038360
2 0.797247 0.494048 0.033482 0.041005
2 0.894221 0.272321 0.040923 0.050595
2 0.683036 0.603671 0.025794 0.044643
2 0.695064 0.761078 0.070685 0.112103
2 0.732391 0.740575 0.049107 0.078373
2 0.781622 0.695767 0.035466 0.072090
2 0.535218 0.496693 0.035714 0.051587
2 0.533606 0.559524 0.064732 0.099868
2 0.523934 0.721065 0.044395 0.070437
2 0.071057 0.392361 0.057292 0.055886
1 0.204737 0.791832 0.087550 0.128638
1 0.293155 0.819444 0.092758 0.139550
0 0.778894 0.739583 0.084077 0.162368
