2 0.036830 0.709821 0.073165 0.134590
2 0.170387 0.667328 0.038690 0.064153
2 0.342758 0.765212 0.069444 0.092593
2 0.447545 0.710152 0.054812 0.073082
2 0.545139 0.799272 0.051587 0.056217
2 0.613591 0.703704 0.072421 0.096561
2 0.595858 0.590774 0.082093 0.129299
2 0.650298 0.580357 0.061508 0.130291
2 0.674231 0.491237 0.058780 0.092923
2 0.722842 0.418651 0.091022 0.118386
2 0.928447 0.433366 0.051835 0.055886
2 0.576885 0.274471 0.068948 0.080688
0 0.820933 0.439153 0.108135 0.146825
1 0.893477 0.496197 0.085069 0.135913
0 0.520089 0.681382 0.110615 0.182870
0 0.281870 0.620701 0.108383 0.183201
