2 0.518229 0.497354 0.045883 0.084656
2 0.550099 0.617063 0.056548 0.075397
2 0.628224 0.694279 0.049107 0.071759
2 0.388021 0.479001 0.039931 0.061177
2 0.606647 0.523479 0.062996 0.107143
2 0.499008 0.650463 0.036706 0.058862
2 0.242188 0.303241 0.058780 0.099206
2 0.169891 0.281746 0.031746 0.047619
2 0.149678 0.510913 0.027034 0.050265
0 0.166667 0.433366 0.086806 0.118056
0 0.142733 0.278770 0.095982 0.146825
1 0.595858 0.293155 0.083581 0.145172
1 0.753348 0.462798 0.100942 0.155093
2 0.068204 0.450231 0.018353 0.028108
2 0.091766 0.388889 0.031746 0.041667
