0 0.140005 0.247520 0.139137 0.186177
0 0.344370 0.593750 0.115327 0.208664
0 0.551091 0.565972 0.112599 0.168981
0 0.712922 0.565311 0.107391 0.078373
2 0.849082 0.073578 0.058284 0.086971
2 0.746280 0.697586 0.054563 0.089616
2 0.706721 0.666005 0.122768 0.190476
2 0.622272 0.655919 0.066468 0.117394
2 0.452753 0.578704 0.110863 0.123677
2 0.266245 0.614418 0.059276 0.091931
2 0.337054 0.634590 0.031746 0.050265
2 0.234127 0.402447 0.067460 0.093254
2 0.151042 0.385251 0.060020 0.105159
2 0.161086 0.336640 0.035466 0.043651
