2 0.808284 0.262731 0.106151 0.111442
2 0.837178 0.351521 0.106895 0.149471
2 0.937500 0.361442 0.075397 0.142196
2 0.799107 0.637070 0.057540 0.128638
2 0.500992 0.641038 0.146329 0.209987
2 0.651414 0.802579 0.110367 0.131614
2 0.588666 0.928737 0.077629 0.142526
2 0.480779 0.880952 0.114335 0.134259
2 0.385293 0.741733 0.046379 0.073413
2 0.366195 0.639385 0.141617 0.151786
2 0.226562 0.598380 0.064236 0.110119
2 0.289062 0.404266 0.112847 0.118717
0 0.373264 0.471892 0.178571 0.223545
0 0.744420 0.104167 0.075645 0.123677
