0 0.628100 0.577877 0.126736 0.205357
0 0.405754 0.569940 0.098214 0.172288
1 0.336930 0.654101 0.083581 0.155423
2 0.015129 0.713459 0.029762 0.101521
2 0.077753 0.512731 0.058780 0.053902
2 0.136409 0.510582 0.111607 0.148810
2 0.354539 0.686508 0.050843 0.074735
2 0.332341 0.507440 0.062500 0.114749
2 0.314980 0.215443 0.050099 0.063161
2 0.513641 0.388062 0.105655 0.163690
2 0.462922 0.468915 0.039931 0.050926
2 0.567336 0.497851 0.090030 0.161706
2 0.597718 0.634755 0.068948 0.104828
2 0.679191 0.579696 0.058284 0.098545
2 0.572545 0.721561 0.090030 0.132275
2 0.711186 0.778439 0.084573 0.134921
2 0.819196 0.721230 0.092758 0.140212
2 0.901538 0.672454 0.106151 0.153108
2 0.881572 0.804729 0.053323 0.053902
