0 0.077629 0.358962 0.136905 0.213294
0 0.338666 0.302579 0.113343 0.204365
0 0.427331 0.463624 0.110615 0.192460
1 0.813740 0.507771 0.086310 0.128638
1 0.949529 0.513889 0.086062 0.146825
2 0.283110 0.178571 0.088542 0.108466
2 0.297247 0.450231 0.071181 0.104167
2 0.465526 0.643353 0.050099 0.070437
2 0.507937 0.743882 0.029266 0.043320
2 0.659722 0.561012 0.072917 0.096892
2 0.760293 0.614583 0.070188 0.096230
2 0.810144 0.606647 0.043899 0.061839
2 0.908110 0.591104 0.052827 0.072421
2 0.966022 0.646164 0.061012 0.073413
2 0.757937 0.398148 0.099702 0.115079
