2 0.148985 0.219771 0.071779 0.082400
2 0.075193 0.397642 0.080357 0.107143
2 0.336397 0.418768 0.057948 0.077965
2 0.393295 0.616597 0.042542 0.045985
2 0.252188 0.636204 0.049195 0.073529
2 0.178221 0.590686 0.033964 0.052521
2 0.571604 0.732843 0.043768 0.065593
2 0.600053 0.693511 0.048144 0.070028
2 0.637255 0.726657 0.041667 0.053221
2 0.792454 0.765640 0.051996 0.072829
2 0.870623 0.735411 0.057423 0.082400
1 0.773459 0.598973 0.042717 0.063492
0 0.691439 0.593254 0.102766 0.104342
0 0.598127 0.630719 0.103466 0.129785
0 0.842174 0.621615 0.097864 0.132120
1 0.188988 0.587302 0.088060 0.134921
1 0.279237 0.601190 0.084734 0.126284
