1 0.035977 0.455299 0.071604 0.129085
0 0.449842 0.491713 0.066702 0.114613
0 0.498862 0.551587 0.051996 0.095705
0 0.380427 0.517740 0.060224 0.106443
1 0.641719 0.522759 0.095763 0.157563
1 0.778186 0.476424 0.088585 0.120448
2 0.991071 0.675654 0.017857 0.047386
2 0.898722 0.732143 0.061800 0.075864
2 0.744748 0.698880 0.044818 0.064893
2 0.800595 0.620915 0.085434 0.119048
2 0.557423 0.561041 0.063025 0.082400
2 0.373599 0.523226 0.022409 0.034314
2 0.321866 0.547619 0.063550 0.093371
2 0.252451 0.562558 0.061275 0.088235
2 0.188638 0.572829 0.069503 0.098506
